0.2702305316925049 0.7077438831329346 -5.570776693275548e-07
0.3129544258117676 0.5774372816085815 0.03623103350400925
0.40041792392730713 0.48367804288864136 0.04271148145198822
0.4741627275943756 0.4152064323425293 0.0385170578956604
0.49904197454452515 0.3372586667537689 0.036681029945611954
0.5223345160484314 0.5357832312583923 0.022655310109257698
0.6520328521728516 0.5774893760681152 0.018636398017406464
0.6292913556098938 0.6120186448097229 0.02087458223104477
0.5885422825813293 0.620533287525177 0.02604951336979866
0.5340391993522644 0.6151795387268066 -0.005807498469948769
0.6752268075942993 0.6694028973579407 -0.0017617453122511506
0.6386113166809082 0.6942242980003357 0.014726415276527405
0.5885454416275024 0.6853265762329102 0.026963040232658386
0.527596116065979 0.6963066458702087 -0.03231888264417648
0.6597781181335449 0.738415539264679 -0.02268662117421627
0.6239036917686462 0.755817174911499 0.006369170267134905
0.5799288749694824 0.7431311011314392 0.023451505228877068
0.5064847469329834 0.7741234302520752 -0.056797560304403305
0.6231029629707336 0.8029749393463135 -0.038867589086294174
0.5966339707374573 0.8109394311904907 -0.006181501783430576
0.5550669431686401 0.7992110848426819 0.015472057275474072
