0.28460201621055603 0.8196411728858948 -3.563619372926041e-07
0.31905075907707214 0.7187537550926208 -0.006615219172090292
0.4025209844112396 0.6311494708061218 -0.021946929395198822
0.46995025873184204 0.5675800442695618 -0.03669001907110214
0.48822021484375 0.49228838086128235 -0.04727676883339882
0.4176477789878845 0.6138436198234558 -0.05310993269085884
0.5404126048088074 0.6670867800712585 -0.08588346838951111
0.5119518041610718 0.6922231912612915 -0.09561789035797119
0.47340404987335205 0.6876542568206787 -0.09717485308647156
0.4145054221153259 0.6899983286857605 -0.0648748129606247
0.5385172963142395 0.7342374324798584 -0.08480696380138397
0.5025513768196106 0.748099684715271 -0.07471732050180435
0.4642575979232788 0.7395943403244019 -0.06870675086975098
0.4115009009838104 0.7681581377983093 -0.07647478580474854
0.5218258500099182 0.7989184260368347 -0.08815581351518631
0.4843532145023346 0.8063891530036926 -0.06257026642560959
0.4492044448852539 0.796845018863678 -0.047513026744127274
0.40880486369132996 0.8401901721954346 -0.08873272687196732
0.502922773361206 0.8549128770828247 -0.08749411255121231
0.47022736072540283 0.8613351583480835 -0.063735730946064
0.4349295198917389 0.8546354174613953 -0.04879783093929291
