0.26816439628601074 0.8386756777763367 -4.2417255485815986e-07
0.3749672472476959 0.7842398881912231 -0.002700971206650138
0.41788429021835327 0.6877355575561523 -0.011391952633857727
0.43846142292022705 0.6060589551925659 -0.023265281692147255
0.459721177816391 0.522557258605957 -0.02973957546055317
0.3654119074344635 0.5464673042297363 -0.011596637777984142
0.48028120398521423 0.5969755053520203 -0.051327526569366455
0.48276233673095703 0.6892690062522888 -0.06777612864971161
0.4627079367637634 0.7375650405883789 -0.07411878556013107
0.3395264744758606 0.5541641116142273 -0.02713233418762684
0.4693034589290619 0.6283408403396606 -0.06297891587018967
0.45166343450546265 0.7237105369567871 -0.06218978017568588
0.4245731830596924 0.7540060877799988 -0.05690602958202362
0.3215469717979431 0.5906813740730286 -0.04681701213121414
0.44152361154556274 0.6772251725196838 -0.07923291623592377
0.41285431385040283 0.7514268159866333 -0.0652642697095871
0.3795343041419983 0.7611263394355774 -0.051428839564323425
0.3113827705383301 0.6443187594413757 -0.06764610856771469
0.40096616744995117 0.7035795450210571 -0.08736639469861984
0.38264065980911255 0.7551144957542419 -0.07952440530061722
0.3540559411048889 0.7584976553916931 -0.07094340026378632
