0.1767098605632782 0.781380295753479 4.952805170432839e-07
0.2635914981365204 0.7914844751358032 -0.026091650128364563
0.34493833780288696 0.7329322099685669 -0.023125896230340004
0.3917003273963928 0.6646924614906311 -0.02259557880461216
0.4232555627822876 0.6042962074279785 -0.020757826045155525
0.3481292426586151 0.6366128921508789 0.005651411600410938
0.4043124318122864 0.5631978511810303 -0.01177520863711834
0.43551623821258545 0.5104837417602539 -0.02257271111011505
0.46280667185783386 0.4632132649421692 -0.028334541246294975
0.315033882856369 0.5983418822288513 0.0025176203344017267
0.35945549607276917 0.49803104996681213 -0.026072418317198753
0.392961710691452 0.4290964901447296 -0.0456528440117836
0.42084529995918274 0.3701556921005249 -0.05379054322838783
0.2717704176902771 0.579213559627533 -0.005935303866863251
0.2984882891178131 0.5275872945785522 -0.055694084614515305
0.27594617009162903 0.606265664100647 -0.06195754185318947
0.25544020533561707 0.660148561000824 -0.04901999607682228
0.2222304344177246 0.5703406929969788 -0.016135551035404205
0.2533387541770935 0.5183334350585938 -0.05314537510275841
0.24448609352111816 0.5661528706550598 -0.05051319673657417
0.23083996772766113 0.6055101156234741 -0.03827428072690964
