0.03536905348300934 0.6733373403549194 -6.978790878520158e-08
0.08570525050163269 0.5673075914382935 0.01160989049822092
0.16679231822490692 0.48148679733276367 -0.001114562852308154
0.22897067666053772 0.41458436846733093 -0.020824633538722992
0.24759741127490997 0.338079571723938 -0.03871871531009674
0.25579142570495605 0.5320087671279907 -0.022770369425415993
0.38834404945373535 0.5583321452140808 -0.04499473422765732
0.40205127000808716 0.602674126625061 -0.04970674589276314
0.3720801770687103 0.6210010051727295 -0.04584001749753952
0.2588173449039459 0.6040964722633362 -0.04498264566063881
0.4063751995563507 0.6449428796768188 -0.05816809833049774
0.39286279678344727 0.679416835308075 -0.04857999458909035
0.35212451219558716 0.677078127861023 -0.038566574454307556
0.24865345656871796 0.6800597906112671 -0.06561495363712311
0.38128840923309326 0.7175193428993225 -0.07083853334188461
0.3517131507396698 0.7380473017692566 -0.045813966542482376
0.3087316155433655 0.7265199422836304 -0.028513038530945778
0.22799628973007202 0.7581433057785034 -0.08576223999261856
0.334578275680542 0.7899451851844788 -0.0829702764749527
0.31303128600120544 0.7940264344215393 -0.056268997490406036
0.27513837814331055 0.776645839214325 -0.03584076464176178
