0.019366934895515442 0.695587694644928 -5.468106110129156e-07
0.06399902701377869 0.5818341374397278 0.00391639256849885
0.14620891213417053 0.48213034868240356 -0.008259083144366741
0.21329689025878906 0.4039372205734253 -0.02553190290927887
0.22972963750362396 0.32133424282073975 -0.03757776692509651
0.23822882771492004 0.5111787915229797 -0.021153545007109642
0.3788143992424011 0.5683606266975403 -0.04695083945989609
0.3402293622493744 0.5931965708732605 -0.05725827440619469
0.29114896059036255 0.5856730341911316 -0.05959411337971687
0.24124711751937866 0.5879799127578735 -0.03869892284274101
0.3794909715652466 0.6472076773643494 -0.049252256751060486
0.3334977626800537 0.6662883162498474 -0.038543350994586945
0.28460243344306946 0.6525304317474365 -0.0321614034473896
0.23650357127189636 0.6693714261054993 -0.05710204318165779
0.36930638551712036 0.7163969874382019 -0.060294248163700104
0.3270721733570099 0.7278551459312439 -0.033220529556274414
0.28068265318870544 0.7133308053016663 -0.017888812348246574
0.22609832882881165 0.7512587308883667 -0.07639934867620468
0.3356369137763977 0.7863080501556396 -0.07200391590595245
0.30290037393569946 0.7884217500686646 -0.04710422083735466
0.2620109021663666 0.7711540460586548 -0.030797189101576805
