0.20671586692333221 0.7695461511611938 -5.163121841178508e-07
0.30720099806785583 0.7576492428779602 -0.004510650411248207
0.37512150406837463 0.6734717488288879 -0.009173340164124966
0.4097554683685303 0.6015371680259705 -0.015498812310397625
0.4403989911079407 0.5309373140335083 -0.015471690334379673
0.38075894117355347 0.5590044260025024 -0.00904672872275114
0.46751469373703003 0.6764042377471924 -0.03782813251018524
0.4226687550544739 0.713365375995636 -0.04939915984869003
0.3905019760131836 0.6854895949363708 -0.05740339308977127
0.3521549105644226 0.5616185665130615 -0.021149829030036926
0.4406019449234009 0.7071942687034607 -0.04721301048994064
0.39177948236465454 0.7317996025085449 -0.046026259660720825
0.36573925614356995 0.7016609311103821 -0.0466303750872612
0.3217352032661438 0.5911041498184204 -0.03650687262415886
0.4063996970653534 0.7238593101501465 -0.05835181847214699
0.36184221506118774 0.7453929781913757 -0.045376282185316086
0.33651697635650635 0.7199515700340271 -0.038015950471162796
0.29571589827537537 0.6346562504768372 -0.05363070219755173
0.36351025104522705 0.7244150042533875 -0.06882422417402267
0.33402296900749207 0.7399864792823792 -0.06526945531368256
0.3091088831424713 0.7159648537635803 -0.06273539364337921
