0.4892827272415161 0.688806414604187 1.3295159639881149e-08
0.5421556234359741 0.585191547870636 0.02859429083764553
0.6225108504295349 0.5162544846534729 0.03321888670325279
0.6864393949508667 0.46509525179862976 0.03104608878493309
0.713138997554779 0.4020560383796692 0.03147445246577263
0.7260369658470154 0.6068844795227051 0.01630360260605812
0.8333972692489624 0.6445171236991882 0.015024390071630478
0.851310133934021 0.6756645441055298 0.0238041914999485
0.83665531873703 0.692206859588623 0.0371335931122303
0.7291967868804932 0.6861560940742493 -0.002374106552451849
0.8455561399459839 0.731350302696228 0.0042838286608457565
0.8690080642700195 0.7551363706588745 0.02445654198527336
0.8582349419593811 0.7608048915863037 0.043495018035173416
0.7139222025871277 0.7570198774337769 -0.01955292746424675
0.819750964641571 0.8012346625328064 -0.01007021963596344
0.8351958990097046 0.8144450187683105 0.016659026965498924
0.8247069120407104 0.8054178953170776 0.03798995539546013
0.6855313181877136 0.8211838006973267 -0.03486902266740799
0.7787530422210693 0.8661686182022095 -0.02106872759759426
0.79121994972229 0.8679895997047424 0.006648879963904619
0.779024600982666 0.8518613576889038 0.031043197959661484
