0.30271387100219727 0.6994585990905762 -6.162480872262677e-07
0.3176916241645813 0.5744433999061584 0.011080091819167137
0.3679962754249573 0.4519096910953522 0.004105898551642895
0.4144934117794037 0.35531607270240784 -0.00829319842159748
0.41921108961105347 0.2741195559501648 -0.016591385006904602
0.468506783246994 0.4413735270500183 -0.01105207297950983
0.5986796021461487 0.44995206594467163 -0.02645791321992874
0.5713614821434021 0.4939931035041809 -0.029867462813854218
0.5288978219032288 0.5065045952796936 -0.029007773846387863
0.4929088056087494 0.5068133473396301 -0.030042920261621475
0.6231456995010376 0.512956976890564 -0.032653484493494034
0.5872003436088562 0.5554370880126953 -0.01952153630554676
0.5383893251419067 0.5628371834754944 -0.012157355435192585
0.5103735327720642 0.5825285315513611 -0.04874740168452263
0.6330719590187073 0.5749518275260925 -0.047428395599126816
0.5967285633087158 0.6096775531768799 -0.020371953025460243
0.5521672964096069 0.614814817905426 -0.005612218286842108
0.5205829739570618 0.6632242202758789 -0.06731894612312317
0.6308096051216125 0.6437463164329529 -0.06170156970620155
0.6006641387939453 0.6657622456550598 -0.036169134080410004
0.558793306350708 0.6681760549545288 -0.01936386711895466
