0.29403090476989746 0.5829394459724426 -3.0856128319101117e-07
0.3705536723136902 0.5550514459609985 -0.012505396269261837
0.467803955078125 0.5814233422279358 -0.02571343630552292
0.537726640701294 0.5884659886360168 -0.03835979476571083
0.5850456953048706 0.5495189428329468 -0.0468093678355217
0.5005338191986084 0.6406816244125366 -0.028999993577599525
0.49096763134002686 0.784699022769928 -0.05074997991323471
0.464580774307251 0.7589078545570374 -0.06217801943421364
0.4573064148426056 0.7111093997955322 -0.06974136829376221
0.4622979462146759 0.6701056361198425 -0.03657758980989456
0.4530366063117981 0.8087491989135742 -0.04797450825572014
0.43016108870506287 0.7767459154129028 -0.04650148004293442
0.42750638723373413 0.7320719957351685 -0.04925622418522835
0.4146892726421356 0.6972190737724304 -0.04549158737063408
0.411613792181015 0.8238915205001831 -0.054811492562294006
0.3909001648426056 0.7925293445587158 -0.04313831031322479
0.3880647122859955 0.7502248287200928 -0.03848118335008621
0.36662963032722473 0.721400260925293 -0.05573396384716034
0.37197044491767883 0.8293942213058472 -0.05863073095679283
0.3570611774921417 0.8028949499130249 -0.04744734615087509
0.35185706615448 0.7631658315658569 -0.041324593126773834
