0.16080410778522491 0.7111026048660278 -5.5674178156550624e-08
0.21818821132183075 0.6344509124755859 0.03382539749145508
0.2919371724128723 0.5895848870277405 0.02948637306690216
0.3549783229827881 0.5553129315376282 0.015150405466556549
0.38211774826049805 0.5024187564849854 -0.0002566302428022027
0.36780232191085815 0.6351034045219421 -0.01365121454000473
0.47409766912460327 0.6232585906982422 -0.03123760037124157
0.5153152346611023 0.67304527759552 -0.02969358116388321
0.5126510858535767 0.7150521874427795 -0.02160758711397648
0.364213764667511 0.6875447630882263 -0.04082176089286804
0.47945165634155273 0.7603210210800171 -0.053703419864177704
0.4580255150794983 0.7962369918823242 -0.035134099423885345
0.42214545607566833 0.7892605662345886 -0.015799425542354584
0.3487134575843811 0.7451187968254089 -0.0642395168542862
0.45250922441482544 0.8040533065795898 -0.06909269839525223
0.42857515811920166 0.8298623561859131 -0.038576800376176834
0.3940493166446686 0.819192111492157 -0.015161215327680111
0.3248268961906433 0.8029318451881409 -0.08457661420106888
0.41432979702949524 0.8440815806388855 -0.08336436003446579
0.40289434790611267 0.8588189482688904 -0.05694150924682617
0.3739078938961029 0.8442965149879456 -0.034424398094415665
