0.32060977816581726 0.5214205384254456 6.40934615603328e-07
0.36973151564598083 0.6169043183326721 -0.0366685651242733
0.45302024483680725 0.6851168870925903 -0.049236755818128586
0.5246148705482483 0.7404537796974182 -0.06012890115380287
0.570846676826477 0.7972962856292725 -0.07013075053691864
0.5691609382629395 0.5973734855651855 -0.0134920384734869
0.660502552986145 0.6288876533508301 -0.03506302461028099
0.7177147269248962 0.6348669528961182 -0.056251734495162964
0.7653530836105347 0.6341148018836975 -0.0719151571393013
0.5750821232795715 0.5314515233039856 -0.013950096443295479
0.6809611320495605 0.5425599217414856 -0.03165845945477486
0.7470308542251587 0.5440804958343506 -0.04947067052125931
0.7991317510604858 0.5408889055252075 -0.062230195850133896
0.5593858361244202 0.4716968834400177 -0.020719895139336586
0.6576046943664551 0.46521642804145813 -0.0402505062520504
0.7165206074714661 0.4683615565299988 -0.05390070751309395
0.7654786109924316 0.47152602672576904 -0.06288471072912216
0.5260832905769348 0.4129032790660858 -0.03184281662106514
0.5950087904930115 0.3945801258087158 -0.05053044855594635
0.6406264901161194 0.3855733871459961 -0.05714891478419304
0.683631181716919 0.37853628396987915 -0.060547780245542526
