0.37882745265960693 0.6135696768760681 -5.009306391912105e-07
0.4605589210987091 0.5397875905036926 0.008230946958065033
0.5633878111839294 0.4993109107017517 0.0001450283161830157
0.6397033929824829 0.468034029006958 -0.013010046444833279
0.6822103261947632 0.4091411232948303 -0.021527886390686035
0.6366264224052429 0.5795658826828003 -0.0103039825335145
0.7145864963531494 0.7148734331130981 -0.025878358632326126
0.6735752820968628 0.7210798859596252 -0.0317685604095459
0.6393595933914185 0.6875960230827332 -0.03383782133460045
0.6179251074790955 0.6442152261734009 -0.028195111081004143
0.6842089295387268 0.7832872271537781 -0.028286097571253777
0.6420060396194458 0.7816845178604126 -0.01681535504758358
0.6109340190887451 0.741633415222168 -0.01345334853976965
0.5868234038352966 0.7083813548088074 -0.04655884578824043
0.6572449803352356 0.8328135013580322 -0.04461359232664108
0.6196327805519104 0.8256063461303711 -0.02112865261733532
0.5897042155265808 0.785251796245575 -0.010389800183475018
0.5495811104774475 0.7681187987327576 -0.06521467864513397
0.6210960745811462 0.8672719597816467 -0.06011568382382393
0.5931888818740845 0.8583611249923706 -0.03738388791680336
0.5664998292922974 0.8181993961334229 -0.02311823144555092
