0.44744873046875 0.4968021810054779 -3.485205013475934e-07
0.38672593235969543 0.5583390593528748 -0.10672338306903839
0.35515472292900085 0.5874180197715759 -0.1784823089838028
0.42050793766975403 0.6074894070625305 -0.22862258553504944
0.5023889541625977 0.6081746220588684 -0.2640396058559418
0.33704477548599243 0.34141942858695984 -0.15995733439922333
0.4084714353084564 0.5112134218215942 -0.21751922369003296
0.3877863585948944 0.5466138124465942 -0.23469282686710358
0.3699064254760742 0.5036611557006836 -0.2501865327358246
0.41020047664642334 0.29552602767944336 -0.13550658524036407
0.48057568073272705 0.4945738613605499 -0.19021987915039062
0.44794321060180664 0.5402450561523438 -0.1825682669878006
0.42769381403923035 0.47758424282073975 -0.1798790842294693
0.4782749116420746 0.2869645357131958 -0.11938155442476273
0.543142557144165 0.48493069410324097 -0.16944189369678497
0.5060952305793762 0.5084863305091858 -0.15063342452049255
0.4807082712650299 0.4387340843677521 -0.1398717612028122
0.5395027995109558 0.3062417507171631 -0.11424168944358826
0.5854644179344177 0.44825440645217896 -0.15803052484989166
0.5499095320701599 0.4799099564552307 -0.16359160840511322
0.5206242799758911 0.4472282826900482 -0.16655245423316956
