0.08971622586250305 0.5066405534744263 1.1373248298696126e-07
0.1489502191543579 0.5513440370559692 -0.0534694530069828
0.18500041961669922 0.5743157267570496 -0.08979164063930511
0.1383957415819168 0.5974728465080261 -0.11313092708587646
0.08739034831523895 0.6040782332420349 -0.1287887692451477
0.14958082139492035 0.4198300838470459 -0.10523751378059387
0.08256170153617859 0.5557272434234619 -0.1559436172246933
0.10845468938350677 0.5790722370147705 -0.17838555574417114
0.13852715492248535 0.557353138923645 -0.18887141346931458
0.0935819000005722 0.3898620009422302 -0.09444944560527802
0.044258732348680496 0.5621755719184875 -0.1321588158607483
0.08331568539142609 0.5678883194923401 -0.13300739228725433
0.11273984611034393 0.5338333249092102 -0.1331968754529953
0.04602567106485367 0.39115798473358154 -0.08675649762153625
0.014366894960403442 0.5562182068824768 -0.11305166780948639
0.05277734994888306 0.5518016815185547 -0.09659069776535034
0.07852914184331894 0.5118253231048584 -0.0843210220336914
0.008519664406776428 0.41508734226226807 -0.0854380875825882
-0.007161915302276611 0.5256946682929993 -0.10592322796583176
0.02163296937942505 0.5278081893920898 -0.1017255187034607
0.042595237493515015 0.4944363832473755 -0.09526670724153519
