0.5837147235870361 0.6234349012374878 -3.6493921129476803e-07
0.5557186603546143 0.6257843375205994 -0.08696426451206207
0.5431203842163086 0.5680422782897949 -0.13052596151828766
0.543283224105835 0.49369776248931885 -0.15480197966098785
0.5301587581634521 0.43394026160240173 -0.16863872110843658
0.5510315895080566 0.44477367401123047 -0.1280265748500824
0.6442786455154419 0.49495911598205566 -0.18286986649036407
0.6255886554718018 0.5564520359039307 -0.19567185640335083
0.588136613368988 0.5528853535652161 -0.2009993940591812
0.5795732140541077 0.4198801517486572 -0.1022254154086113
0.6776585578918457 0.4848424792289734 -0.1655731350183487
0.6505969166755676 0.5581941604614258 -0.1680200695991516
0.616875410079956 0.5579642653465271 -0.16270993649959564
0.6104272603988647 0.418901264667511 -0.08271542936563492
0.6983768343925476 0.4863795340061188 -0.14103136956691742
0.6703911423683167 0.5510449409484863 -0.13206085562705994
0.6423150897026062 0.5523554086685181 -0.11828388273715973
0.6422967314720154 0.4319511651992798 -0.06964331120252609
0.7115194797515869 0.48113298416137695 -0.11542072147130966
0.6920647621154785 0.5295351147651672 -0.12305310368537903
0.6649819612503052 0.5326566696166992 -0.12149957567453384
