0.7156265377998352 0.4658071994781494 -4.094573284874059e-07
0.6649577617645264 0.5004295110702515 -0.012344317510724068
0.6167107820510864 0.5082429051399231 -0.025715703144669533
0.5871039628982544 0.5053256154060364 -0.04023732244968414
0.5960418581962585 0.4878939986228943 -0.04977802187204361
0.5754658579826355 0.3829347491264343 -0.003566267667338252
0.5524027943611145 0.45884430408477783 -0.029650431126356125
0.5892106890678406 0.47736412286758423 -0.044926051050424576
0.606411874294281 0.4602806270122528 -0.053525250405073166
0.5890175700187683 0.35836902260780334 -0.010047334246337414
0.5726034641265869 0.4483609199523926 -0.03362219035625458
0.6134527921676636 0.4674915671348572 -0.0347316637635231
0.6243429780006409 0.4453122019767761 -0.031220242381095886
0.6108812689781189 0.34884729981422424 -0.020932238548994064
0.5978161096572876 0.43983495235443115 -0.040948156267404556
0.6332170963287354 0.45926135778427124 -0.02983114682137966
0.642578661441803 0.43828845024108887 -0.01854696497321129
0.6367722749710083 0.353188693523407 -0.03457808867096901
0.6247528195381165 0.42576175928115845 -0.045096877962350845
0.6476762294769287 0.44048288464546204 -0.03819098696112633
0.6570317149162292 0.42327335476875305 -0.02977556176483631
