0.13770665228366852 0.5368109941482544 -2.6435421318637964e-07
0.21468400955200195 0.5012331008911133 -0.016588261350989342
0.26418864727020264 0.4465484619140625 -0.03242332860827446
0.2931341230869293 0.4116116762161255 -0.04858316108584404
0.31025412678718567 0.39685186743736267 -0.05969436094164848
0.22500652074813843 0.2937784790992737 -0.01209964882582426
0.30378293991088867 0.37276601791381836 -0.04054362699389458
0.2834964096546173 0.41808924078941345 -0.05987568944692612
0.25913307070732117 0.41748499870300293 -0.07384739816188812
0.1987142115831375 0.3020450174808502 -0.019088242202997208
0.2849997878074646 0.3929356336593628 -0.046723734587430954
0.2571449875831604 0.4330066740512848 -0.05354846268892288
0.23318658769130707 0.42586633563041687 -0.057198479771614075
0.17711202800273895 0.33226677775382996 -0.03005559742450714
0.25846901535987854 0.41733768582344055 -0.05244055762887001
0.2339819371700287 0.44848868250846863 -0.047540176659822464
0.21177682280540466 0.43851974606513977 -0.043170031160116196
0.1610938012599945 0.3744630813598633 -0.044032659381628036
0.2243046760559082 0.434192419052124 -0.05831710994243622
0.20993736386299133 0.4562346041202545 -0.05664047598838806
0.19038605690002441 0.4463377594947815 -0.05406012386083603
