0.6179327964782715 0.6217557191848755 -4.91492755827494e-07
0.5597563982009888 0.6616994738578796 -0.04080633819103241
0.4778960347175598 0.6532136797904968 -0.06021713837981224
0.4635690152645111 0.5971776247024536 -0.07744470983743668
0.5151495337486267 0.5545480847358704 -0.08721029758453369
0.43013298511505127 0.5127029418945312 -0.01549726352095604
0.41774603724479675 0.4969403147697449 -0.05580087751150131
0.4624210000038147 0.5541664958000183 -0.0763833299279213
0.47990912199020386 0.5684947967529297 -0.08690430968999863
0.4618797302246094 0.46160081028938293 -0.013716932386159897
0.4535660147666931 0.45087531208992004 -0.05572787672281265
0.4971914291381836 0.5286493897438049 -0.057846855372190475
0.5038049817085266 0.5396339893341064 -0.04809406027197838
0.5035032629966736 0.4333586096763611 -0.022018220275640488
0.5084436535835266 0.43003302812576294 -0.06157549470663071
0.5367573499679565 0.5048568248748779 -0.05129652097821236
0.535481333732605 0.5197286605834961 -0.03343304619193077
0.5496023297309875 0.41782665252685547 -0.03542780503630638
0.5505541563034058 0.4109368920326233 -0.056085411459207535
0.5650678277015686 0.4640152156352997 -0.048583630472421646
0.5621144771575928 0.481181800365448 -0.03679770231246948
