0.2831934094429016 0.5888550281524658 -3.7985799394846254e-07
0.35576289892196655 0.6704944372177124 -0.011917795054614544
0.4385308027267456 0.7137693762779236 -0.02555074729025364
0.4881264269351959 0.7298582792282104 -0.04293310269713402
0.5022855401039124 0.7308456897735596 -0.05524604767560959
0.5325897336006165 0.57683265209198 -0.0002437292569084093
0.5333293676376343 0.6994515657424927 -0.03570186346769333
0.4865724742412567 0.7332466840744019 -0.05633706972002983
0.46036496758461 0.7339656949043274 -0.06636738032102585
0.5254658460617065 0.5201233625411987 -0.0113733084872365
0.49974116683006287 0.6648956537246704 -0.03606053814291954
0.4360305368900299 0.6705290079116821 -0.03987419605255127
0.43036797642707825 0.6344406604766846 -0.03982209786772728
0.49947214126586914 0.4822554588317871 -0.027627330273389816
0.4786742627620697 0.6184391379356384 -0.053819216787815094
0.4228549599647522 0.6270682215690613 -0.04406477138400078
0.416806697845459 0.5937949419021606 -0.03394816443324089
0.4628198742866516 0.4568079113960266 -0.04630732536315918
0.46418318152427673 0.5494869351387024 -0.05969148129224777
0.42759576439857483 0.5716801285743713 -0.046043626964092255
0.41530728340148926 0.556780219078064 -0.03217080235481262
