0.4150233864784241 0.8343833684921265 -6.100733003222558e-07
0.3329775035381317 0.7497060298919678 -0.026517769321799278
0.30078864097595215 0.6535099744796753 -0.043742258101701736
0.3156959116458893 0.554519534111023 -0.05308810994029045
0.35049623250961304 0.507303774356842 -0.05604587122797966
0.42020004987716675 0.5895273685455322 -0.04882520064711571
0.39672935009002686 0.4896199703216553 -0.04721677675843239
0.37401723861694336 0.5384605526924133 -0.03506353497505188
0.3722248077392578 0.5905107855796814 -0.02745070494711399
0.48314201831817627 0.601299524307251 -0.036600783467292786
0.44627645611763 0.5151380300521851 -0.03554682806134224
0.4228774607181549 0.5531405806541443 -0.027432570233941078
0.42218896746635437 0.5945966839790344 -0.024837996810674667
0.5258151292800903 0.620048463344574 -0.022352585569024086
0.48920825123786926 0.5395603775978088 -0.024335496127605438
0.46696212887763977 0.5695706605911255 -0.01577484980225563
0.4636506140232086 0.6090834736824036 -0.012799875810742378
0.552687406539917 0.6380114555358887 -0.008838366717100143
0.5237451791763306 0.5695302486419678 -0.016543550416827202
0.5047467350959778 0.5940139293670654 -0.012182745151221752
0.5023829936981201 0.6282581090927124 -0.0071484604850411415
