0.8070010542869568 0.5602967739105225 -4.701676061813487e-07
0.7271665930747986 0.5820047855377197 -0.06190379336476326
0.6507095098495483 0.5909674763679504 -0.10783154517412186
0.6413920521736145 0.6110618114471436 -0.14393484592437744
0.6854994297027588 0.601575493812561 -0.17178285121917725
0.6240671277046204 0.3152465224266052 -0.0797731950879097
0.6320703029632568 0.4849092662334442 -0.13209491968154907
0.6522421836853027 0.5240911245346069 -0.1686154454946518
0.6503199338912964 0.47482040524482727 -0.19552408158779144
0.704155683517456 0.2868189215660095 -0.0766720101237297
0.7212468385696411 0.5331504940986633 -0.11707574874162674
0.7306828498840332 0.5512633323669434 -0.1273428350687027
0.7169166207313538 0.48291993141174316 -0.13426651060581207
0.7880738973617554 0.30377665162086487 -0.08022989332675934
0.7959715723991394 0.5480682849884033 -0.10807442665100098
0.7909101247787476 0.5601133108139038 -0.08506056666374207
0.7751631140708923 0.5020663738250732 -0.06896576285362244
0.859178900718689 0.3496113419532776 -0.09331189095973969
0.8532239198684692 0.5448771119117737 -0.11955595761537552
0.8523143529891968 0.5476192235946655 -0.11048798263072968
0.8472165465354919 0.4873412251472473 -0.09790057688951492
