0.2724209725856781 0.6220119595527649 -3.430081676469854e-07
0.3127586245536804 0.5763354897499084 -0.0024553996045142412
0.3291141390800476 0.5194702744483948 -0.0031491622794419527
0.3357689380645752 0.48036277294158936 -0.006462935358285904
0.33921265602111816 0.4511337876319885 -0.006390183232724667
0.27481478452682495 0.4525960683822632 0.016037240624427795
0.3175409138202667 0.45511966943740845 -0.0002152819070033729
0.3180430233478546 0.498517245054245 -0.01152714528143406
0.30040356516838074 0.5049108862876892 -0.01861477456986904
0.2567015588283539 0.4515135884284973 0.009311426430940628
0.3040226697921753 0.4629930555820465 -0.005782158114016056
0.30518847703933716 0.5117968916893005 -0.009908284060657024
0.2870313823223114 0.5119175314903259 -0.010459499433636665
0.2424035221338272 0.46206220984458923 -0.0007387163350358605
0.28793787956237793 0.47142353653907776 -0.01754196733236313
0.29108333587646484 0.5167165994644165 -0.012716368772089481
0.27360042929649353 0.5201762914657593 -0.006496421992778778
0.23006315529346466 0.4813883304595947 -0.011576392687857151
0.2660311460494995 0.48593124747276306 -0.021107055246829987
0.2706124186515808 0.5174751281738281 -0.01549514476209879
0.25714460015296936 0.5245895981788635 -0.008869590237736702
