0.10696639120578766 0.5953055024147034 -1.472986532746745e-08
0.15437890589237213 0.6369426846504211 -0.034256916493177414
0.19933784008026123 0.6834993362426758 -0.06076344847679138
0.22152264416217804 0.7277161478996277 -0.08395570516586304
0.20950371026992798 0.7453077435493469 -0.10626614838838577
0.23556743562221527 0.5346602201461792 -0.05625303089618683
0.18115705251693726 0.6879380345344543 -0.09097518771886826
0.17273814976215363 0.6742390394210815 -0.11866828054189682
0.18510684370994568 0.633684515953064 -0.1413714736700058
0.18168039619922638 0.5016177296638489 -0.05789223313331604
0.1269439309835434 0.6768923997879028 -0.08164505660533905
0.1331026256084442 0.64618980884552 -0.09223340451717377
0.15429414808750153 0.5923911929130554 -0.10709768533706665
0.12469404935836792 0.4923085570335388 -0.06211603060364723
0.08065643161535263 0.6588987708091736 -0.08266434073448181
0.08535289019346237 0.6274827718734741 -0.07868829369544983
0.1045118123292923 0.5701954364776611 -0.07943671941757202
0.07014548033475876 0.49685895442962646 -0.07197661697864532
0.04017387330532074 0.6279775500297546 -0.0923798680305481
0.04658418148756027 0.6103770732879639 -0.09550273418426514
0.05956205725669861 0.564012885093689 -0.09796403348445892
