0.5984443426132202 0.8170815110206604 -8.975104606179229e-07
0.511266827583313 0.8608787655830383 0.021396253257989883
0.4591047465801239 0.8417451977729797 0.026077786460518837
0.42413848638534546 0.8324888944625854 0.01843027025461197
0.38998544216156006 0.8095521926879883 0.012919173575937748
0.44941920042037964 0.6783551573753357 0.06233525276184082
0.3852219581604004 0.7645547986030579 0.03525644913315773
0.4066675305366516 0.8123674392700195 0.00903767067939043
0.44149670004844666 0.829663872718811 -0.004410300869494677
0.45003604888916016 0.6515927314758301 0.0370425209403038
0.37306681275367737 0.7619050145149231 0.002764591947197914
0.4175488352775574 0.8201232552528381 -0.021440550684928894
0.4622545838356018 0.8212938904762268 -0.02732507325708866
0.44517597556114197 0.6333775520324707 0.007363693322986364
0.368377149105072 0.763174295425415 -0.02124420553445816
0.41933587193489075 0.8150829076766968 -0.028473904356360435
0.46235331892967224 0.7996213436126709 -0.024506015703082085
0.4359056353569031 0.6307774186134338 -0.02234799973666668
0.378274142742157 0.7583959698677063 -0.04152517393231392
0.41869232058525085 0.7972700595855713 -0.04236006736755371
0.4552977681159973 0.7815054059028625 -0.035469312220811844
