0.2280113697052002 0.4800359010696411 -2.250594235420067e-07
0.3005600869655609 0.49501973390579224 -0.005400893744081259
0.36305415630340576 0.5546631217002869 -0.021038684993982315
0.3872086703777313 0.6291450262069702 -0.034515444189310074
0.37284284830093384 0.6879413723945618 -0.04402133822441101
0.3578031361103058 0.572481095790863 -0.0558135099709034
0.35827821493148804 0.6939804553985596 -0.07523848116397858
0.35077789425849915 0.6674046516418457 -0.07591376453638077
0.3467184603214264 0.6257221698760986 -0.07316462695598602
0.3073473572731018 0.5892770886421204 -0.0628788024187088
0.3187653720378876 0.7168272733688354 -0.07560329884290695
0.3102804124355316 0.6859965324401855 -0.06418366730213165
0.30175769329071045 0.6438068151473999 -0.056460488587617874
0.2599864602088928 0.6077196002006531 -0.06784491240978241
0.2765401601791382 0.7237592339515686 -0.07365572452545166
0.2694219946861267 0.6921776533126831 -0.052086714655160904
0.2608812153339386 0.6497421264648438 -0.03854785114526749
0.21673975884914398 0.6240952610969543 -0.07293609529733658
0.23854593932628632 0.7207383513450623 -0.07270645350217819
0.23282477259635925 0.6932737231254578 -0.0553397610783577
0.2225804328918457 0.6544217467308044 -0.04374823719263077
