0.5365568995475769 0.5495351552963257 -3.0496630643028766e-07
0.5239880084991455 0.47255784273147583 -0.05104108527302742
0.5139599442481995 0.41924697160720825 -0.08698049932718277
0.4823641777038574 0.4581568241119385 -0.11276558041572571
0.4653705656528473 0.5375810861587524 -0.1322777271270752
0.6412739753723145 0.46472787857055664 -0.08785993605852127
0.5427303910255432 0.4992406666278839 -0.12579363584518433
0.5317198634147644 0.4688112139701843 -0.14773479104042053
0.5560531616210938 0.4536721110343933 -0.1665049046278
0.6455241441726685 0.5434474349021912 -0.08107610791921616
0.5207209587097168 0.5660759806632996 -0.11492009460926056
0.5126342177391052 0.5241689682006836 -0.11797548830509186
0.5472217798233032 0.5130977630615234 -0.12300019711256027
0.626622200012207 0.6089468002319336 -0.07797300815582275
0.5046325325965881 0.6253839135169983 -0.10560852289199829
0.5030257105827332 0.5770735740661621 -0.0934731662273407
0.5371776819229126 0.5613557696342468 -0.08653270453214645
0.5972139239311218 0.6608255505561829 -0.08185555785894394
0.5108217000961304 0.6706405282020569 -0.11434988677501678
0.5106014609336853 0.6386405825614929 -0.12120666354894638
0.5344447493553162 0.6289238929748535 -0.1233188584446907
