0.5236725807189941 0.5831658840179443 -3.2230136071120796e-07
0.5044875144958496 0.4799310564994812 -0.027837803587317467
0.4991721510887146 0.3951670527458191 -0.05201347544789314
0.49061262607574463 0.3843875527381897 -0.07248243689537048
0.49034225940704346 0.4484531581401825 -0.08928833156824112
0.6455008387565613 0.39606383442878723 -0.04372250288724899
0.5615309476852417 0.3642278015613556 -0.07065842300653458
0.5257658958435059 0.39985257387161255 -0.08718467503786087
0.5402973294258118 0.4180581867694855 -0.09995243698358536
0.648514986038208 0.4636334180831909 -0.04752831533551216
0.544561505317688 0.4286082684993744 -0.06740453839302063
0.5165789723396301 0.4539297819137573 -0.06794129312038422
0.5376327037811279 0.46650925278663635 -0.06913592666387558
0.6275972127914429 0.5311159491539001 -0.05456027761101723
0.5219893455505371 0.4995296001434326 -0.06800612062215805
0.49992868304252625 0.5100275874137878 -0.054630693048238754
0.5206088423728943 0.5185903310775757 -0.04612945392727852
0.5945245623588562 0.5887500643730164 -0.06601191312074661
0.5123232007026672 0.5588456392288208 -0.0745324119925499
0.5066964030265808 0.565170168876648 -0.06650571525096893
0.5318341851234436 0.5749463438987732 -0.05921199172735214
