0.7553688287734985 0.6354141235351562 -2.938573402389011e-07
0.6878803968429565 0.6240190863609314 -0.010981332510709763
0.6394094228744507 0.5801821351051331 -0.009808257222175598
0.6343926191329956 0.5237545371055603 -0.012386138550937176
0.6557624936103821 0.49299418926239014 -0.011414997279644012
0.6384152173995972 0.553828239440918 0.029963981360197067
0.6293782591819763 0.4963560104370117 0.0063111186027526855
0.648838996887207 0.5214263200759888 -0.010218704119324684
0.6602129936218262 0.5487368702888489 -0.015905169770121574
0.6660184264183044 0.5347959399223328 0.02799863927066326
0.6603584885597229 0.48354780673980713 6.201093492563814e-05
0.6809128522872925 0.5227934718132019 -0.014209931716322899
0.6849197149276733 0.5514140725135803 -0.014533299952745438
0.6928775310516357 0.5182996392250061 0.019645657390356064
0.6908635497093201 0.4762668013572693 -0.007333219051361084
0.70513516664505 0.5203463435173035 -0.011403998360037804
0.7052692174911499 0.5509937405586243 -0.0040241023525595665
0.7192383408546448 0.5073868632316589 0.009913312271237373
0.7159095406532288 0.4714363217353821 -0.0013908854452893138
0.7227717041969299 0.5030264258384705 0.0019120491342619061
0.7235348224639893 0.5298746824264526 0.009520860388875008
