0.7406076788902283 0.5672906041145325 -1.8655218525509554e-07
0.7022965550422668 0.5812928676605225 -0.03421027958393097
0.6665287613868713 0.5955970883369446 -0.06058972328901291
0.6611042022705078 0.6072003841400146 -0.07996668666601181
0.681163489818573 0.5943111181259155 -0.0950876772403717
0.6779624819755554 0.47056061029434204 -0.06197650730609894
0.6992514729499817 0.5731471180915833 -0.08516540378332138
0.6912935972213745 0.576389729976654 -0.09896421432495117
0.6823543310165405 0.552068829536438 -0.11120394617319107
0.7195096015930176 0.4609192907810211 -0.05716913565993309
0.7386634945869446 0.5890789031982422 -0.07661758363246918
0.7246391773223877 0.5802626013755798 -0.07952140271663666
0.7142243981361389 0.5477312207221985 -0.08425205200910568
0.759188711643219 0.47094863653182983 -0.05363545939326286
0.7701328992843628 0.5931629538536072 -0.0703558549284935
0.7571192979812622 0.581761360168457 -0.05890115723013878
0.7481515407562256 0.5476813912391663 -0.05176091566681862
0.7918528318405151 0.4922059178352356 -0.054611675441265106
0.7946389317512512 0.5840721130371094 -0.07455270737409592
0.7842520475387573 0.5781422853469849 -0.07398948073387146
0.7769506573677063 0.54793781042099 -0.0706452950835228
