0.26684197783470154 0.7416309118270874 -1.2680588667990378e-07
0.33710819482803345 0.7730218768119812 -0.03997969999909401
0.3975406885147095 0.8044116497039795 -0.07379693537950516
0.4014758765697479 0.8534015417098999 -0.10313720256090164
0.34197041392326355 0.8814038038253784 -0.13101056218147278
0.4067794680595398 0.6098394393920898 -0.07709868252277374
0.3538157045841217 0.8074169754981995 -0.1221606507897377
0.339008629322052 0.8204679489135742 -0.15332284569740295
0.3449864089488983 0.7819743156433105 -0.17648087441921234
0.3309939503669739 0.5782583951950073 -0.07847992330789566
0.28756794333457947 0.8055378794670105 -0.10400686413049698
0.2850327491760254 0.7881225943565369 -0.10801617056131363
0.2977205514907837 0.713977575302124 -0.1180870532989502
0.2580363154411316 0.5809109807014465 -0.08260348439216614
0.22952470183372498 0.788750946521759 -0.10109289735555649
0.23260971903800964 0.7621767520904541 -0.08467477560043335
0.24499300122261047 0.6836637854576111 -0.0771344006061554
0.19193702936172485 0.6002586483955383 -0.09388359636068344
0.1782671958208084 0.7530604600906372 -0.11499461531639099
0.18864580988883972 0.7379927039146423 -0.11137988418340683
0.1985621154308319 0.6775403022766113 -0.10756304115056992
