0.5935462117195129 0.5349528193473816 -2.463587804868439e-07
0.5203759670257568 0.5548193454742432 -0.025293251499533653
0.4528307020664215 0.5294060707092285 -0.03815837949514389
0.44830721616744995 0.46321508288383484 -0.05338732525706291
0.4844799339771271 0.4177624583244324 -0.06455856561660767
0.43202194571495056 0.4400063753128052 0.0038134295027703047
0.413398802280426 0.3994070887565613 -0.033851154148578644
0.43785279989242554 0.4118558466434479 -0.057349782437086105
0.4526953101158142 0.41929760575294495 -0.06880412250757217
0.4653204083442688 0.3982996344566345 0.00015976553549990058
0.4672103524208069 0.3737380802631378 -0.04201756790280342
0.49974608421325684 0.4200373589992523 -0.055505089461803436
0.5020148754119873 0.43876588344573975 -0.05435539409518242
0.5034745931625366 0.37178903818130493 -0.011675218120217323
0.5152482390403748 0.3600326180458069 -0.05073486268520355
0.5396652817726135 0.4149937629699707 -0.04980821907520294
0.5350818634033203 0.43586266040802 -0.03835778310894966
0.5446254014968872 0.35781848430633545 -0.026942754164338112
0.5560895204544067 0.34738850593566895 -0.04629812389612198
0.5672237873077393 0.3958182632923126 -0.04188665375113487
0.5600625276565552 0.42058947682380676 -0.032656244933605194
