0.6406577825546265 0.3241391181945801 -1.1450438108795424e-07
0.5363914966583252 0.3298085927963257 -0.019012516364455223
0.4452042579650879 0.4272300601005554 -0.05680151656270027
0.4317154288291931 0.5605406761169434 -0.08684175461530685
0.46020567417144775 0.658401370048523 -0.11613445729017258
0.4800601005554199 0.3898179531097412 -0.15241743624210358
0.46247929334640503 0.6420108079910278 -0.20040330290794373
0.4692576825618744 0.5876699686050415 -0.2061968296766281
0.4778902530670166 0.5137122869491577 -0.20194101333618164
0.5661541223526001 0.4117598831653595 -0.16288328170776367
0.528617799282074 0.6580075621604919 -0.20904815196990967
0.5284927487373352 0.5936494469642639 -0.1982586532831192
0.547410786151886 0.5181660056114197 -0.18968309462070465
0.638372004032135 0.4479398727416992 -0.1670837253332138
0.5907687544822693 0.6607361435890198 -0.19727975130081177
0.5889677405357361 0.5993472933769226 -0.16599206626415253
0.6043855547904968 0.5267797112464905 -0.144364595413208
0.7007030248641968 0.4941995441913605 -0.17093510925769806
0.6482671499252319 0.656334638595581 -0.19383952021598816
0.6422970294952393 0.6090901494026184 -0.1733860969543457
0.658447265625 0.5462656021118164 -0.1576014906167984
