0.36854320764541626 0.7670028209686279 -4.885877729066124e-07
0.3325258195400238 0.6706353425979614 0.006748476531356573
0.33390381932258606 0.5902444124221802 0.002394015435129404
0.3706066608428955 0.5577011108398438 -0.0025453506968915462
0.4077620804309845 0.5709787011146545 -0.006298503372818232
0.43352195620536804 0.508880615234375 -0.008775943890213966
0.4386287331581116 0.5298032164573669 -0.008176298812031746
0.42953184247016907 0.5647417306900024 -0.01137504167854786
0.41702815890312195 0.5847362279891968 -0.016362274065613747
0.4833448827266693 0.5469245314598083 -0.01779165118932724
0.4781477153301239 0.5734056830406189 -0.006227848120033741
0.46392902731895447 0.6023508906364441 -0.00409020995721221
0.44821640849113464 0.6242836117744446 -0.008091360330581665
0.5166288614273071 0.6008774042129517 -0.024263419210910797
0.5039986371994019 0.6266591548919678 -0.01319046039134264
0.487811803817749 0.6457440257072449 -0.007877795025706291
0.46934574842453003 0.6630106568336487 -0.009912178851664066
0.534355640411377 0.6605679392814636 -0.031135866418480873
0.5250468850135803 0.6756567358970642 -0.023689385503530502
0.507652759552002 0.6915068626403809 -0.014821618795394897
0.48844775557518005 0.7055811285972595 -0.009112170897424221
