0.6902822852134705 0.5225229263305664 -5.011763732909458e-07
0.654492199420929 0.5574113726615906 -0.043785177171230316
0.6214093565940857 0.5657594799995422 -0.06795792281627655
0.5999361276626587 0.5516844391822815 -0.0837801843881607
0.5754210948944092 0.5248699188232422 -0.09566667675971985
0.5741416215896606 0.45238959789276123 -0.06521554291248322
0.5608799457550049 0.495258629322052 -0.09503170847892761
0.5628551244735718 0.5523810386657715 -0.1081991195678711
0.5660796761512756 0.571989119052887 -0.11515813320875168
0.5942249894142151 0.41837000846862793 -0.05139440670609474
0.592729389667511 0.48370733857154846 -0.08051259815692902
0.5953413248062134 0.5447173714637756 -0.08588054776191711
0.5976576209068298 0.5547357797622681 -0.08751798421144485
0.6207288503646851 0.4105640649795532 -0.03991132974624634
0.6296371221542358 0.4815356135368347 -0.07000049203634262
0.627660870552063 0.5384735465049744 -0.0680696964263916
0.6250544190406799 0.5464606285095215 -0.06312514841556549
0.6473278403282166 0.4117007553577423 -0.03116278536617756
0.654338538646698 0.4740963578224182 -0.05610258877277374
0.6496008038520813 0.5175778269767761 -0.059187255799770355
0.643499493598938 0.5237328410148621 -0.05699066445231438
