0.22156423330307007 0.5830270648002625 1.575694739130995e-07
0.2735636830329895 0.6219154596328735 -0.035434648394584656
0.3114323914051056 0.6710786819458008 -0.06444016098976135
0.3186960220336914 0.7176030278205872 -0.08980166912078857
0.29436612129211426 0.737404465675354 -0.11424589902162552
0.32075947523117065 0.5598868727684021 -0.058498550206422806
0.2845863997936249 0.7022776007652283 -0.09727469086647034
0.27606266736984253 0.7139658331871033 -0.12733271718025208
0.27879443764686584 0.689305305480957 -0.14838942885398865
0.2733133137226105 0.5419652462005615 -0.057658601552248
0.2381095439195633 0.6996888518333435 -0.08416753262281418
0.24365577101707458 0.6865174770355225 -0.09375251084566116
0.25914517045021057 0.6468997597694397 -0.10535605251789093
0.22691822052001953 0.5420268177986145 -0.0600760392844677
0.19829809665679932 0.690883457660675 -0.08037036657333374
0.20649249851703644 0.6677284240722656 -0.0734892413020134
0.2214890569448471 0.6262523531913757 -0.0702843889594078
0.18474678695201874 0.5495262145996094 -0.06802340596914291
0.16802702844142914 0.6663451790809631 -0.08556739240884781
0.177132248878479 0.6486057043075562 -0.08466460555791855
0.18639624118804932 0.6118149161338806 -0.08360153436660767
