0.19013559818267822 0.497911661863327 -3.6150318294403405e-08
0.2560337781906128 0.5409792065620422 -0.03403468057513237
0.30670157074928284 0.5809029340744019 -0.06297388672828674
0.30920544266700745 0.6249443292617798 -0.08838144689798355
0.26937004923820496 0.6401817202568054 -0.11292559653520584
0.3518497347831726 0.4286775588989258 -0.06569976359605789
0.29592469334602356 0.5975632667541504 -0.10400359332561493
0.2733265459537506 0.5961270332336426 -0.13045835494995117
0.2769600450992584 0.5562892556190491 -0.15201543271541595
0.29733923077583313 0.3947213590145111 -0.06957301497459412
0.24387821555137634 0.5855259895324707 -0.09702390432357788
0.23555557429790497 0.561177134513855 -0.10291177034378052
0.2507863938808441 0.506498396396637 -0.11356789618730545
0.2357379049062729 0.3879314064979553 -0.07620768249034882
0.19000154733657837 0.5661992430686951 -0.09754081070423126
0.18641716241836548 0.5380758047103882 -0.08892657607793808
0.20647048950195312 0.48246869444847107 -0.08635682612657547
0.1758829653263092 0.39569398760795593 -0.0886465460062027
0.14689207077026367 0.5337044596672058 -0.1101837158203125
0.14979654550552368 0.5152779817581177 -0.11240837723016739
0.16347813606262207 0.4674054980278015 -0.1143321841955185
