0.2620597779750824 0.5376552939414978 6.625042203722842e-08
0.3038084805011749 0.5660499334335327 -0.022645648568868637
0.33624687790870667 0.6016030311584473 -0.04314620792865753
0.3359791934490204 0.6372754573822021 -0.061270516365766525
0.29699110984802246 0.6531074643135071 -0.08033383637666702
0.33294472098350525 0.5074570178985596 -0.05039280652999878
0.3024301826953888 0.6030879616737366 -0.07843538373708725
0.30505114793777466 0.6022675037384033 -0.10032182931900024
0.31370896100997925 0.5797029137611389 -0.11655060201883316
0.28937578201293945 0.491849809885025 -0.05251723527908325
0.26621755957603455 0.6118087768554688 -0.06849563121795654
0.2736906111240387 0.5967628359794617 -0.07479637861251831
0.2835457921028137 0.5595276355743408 -0.08532823622226715
0.24925197660923004 0.494081974029541 -0.055638935416936874
0.23404613137245178 0.6095811724662781 -0.0675833448767662
0.24074414372444153 0.5937982797622681 -0.06240764260292053
0.24971026182174683 0.5581910014152527 -0.06203595921397209
0.21427294611930847 0.5050322413444519 -0.06269717216491699
0.20770666003227234 0.5920373797416687 -0.07477951049804688
0.21426311135292053 0.579865574836731 -0.07404035329818726
0.21770524978637695 0.5503278374671936 -0.07462438941001892
