0.24211905896663666 0.603566586971283 7.030211435221645e-08
0.2959030866622925 0.6439447402954102 -0.035929977893829346
0.3341478407382965 0.6821362972259521 -0.06337569653987885
0.3410693407058716 0.7117928862571716 -0.08730442076921463
0.3244330585002899 0.7293278574943542 -0.11119725555181503
0.34932827949523926 0.5775958895683289 -0.06479700654745102
0.3057418465614319 0.7230744361877441 -0.10387507826089859
0.29318058490753174 0.7186853885650635 -0.13264495134353638
0.2996458113193512 0.6837626695632935 -0.15446783602237701
0.29961371421813965 0.5513447523117065 -0.06542821228504181
0.2586830258369446 0.7121495604515076 -0.09396544098854065
0.25842994451522827 0.6898036003112793 -0.10171237587928772
0.2724595367908478 0.6456877589225769 -0.11279106885194778
0.24791589379310608 0.5456090569496155 -0.06923601776361465
0.21341076493263245 0.6920621991157532 -0.09257540106773376
0.217803955078125 0.6681054830551147 -0.08628751337528229
0.23502638936042786 0.6265116930007935 -0.08407686650753021
0.20026524364948273 0.5501869916915894 -0.07852864265441895
0.18034791946411133 0.661785900592804 -0.09933311492204666
0.18763238191604614 0.6442267894744873 -0.10065477341413498
0.19780993461608887 0.6053624153137207 -0.10177946835756302
