0.1537000834941864 0.9016041159629822 -3.641037551460613e-07
0.24667015671730042 0.919136643409729 -0.04438014328479767
0.3442125618457794 0.8830671906471252 -0.06427967548370361
0.3233717978000641 0.8113163709640503 -0.07652274519205093
0.2456544041633606 0.7930379509925842 -0.07887878268957138
0.3466930687427521 0.6456449031829834 -0.031173614785075188
0.2840385138988495 0.7155255079269409 -0.06837529689073563
0.26722419261932373 0.7874616980552673 -0.08520221710205078
0.2837693393230438 0.7869346737861633 -0.09375607222318649
0.2853506803512573 0.5908406376838684 -0.028992680832743645
0.21209591627120972 0.6955780982971191 -0.06136058270931244
0.21214914321899414 0.7764930725097656 -0.06556586176156998
0.23691831529140472 0.7646545171737671 -0.06417012959718704
0.221267431974411 0.5726009011268616 -0.03365452587604523
0.15360470116138458 0.6775476932525635 -0.06517931818962097
0.1626257598400116 0.7547001242637634 -0.05835640802979469
0.1901257038116455 0.7414272427558899 -0.04953475296497345
0.15983182191848755 0.5752992630004883 -0.04362574219703674
0.1154685914516449 0.64871746301651 -0.05927538126707077
0.11631760001182556 0.7062997221946716 -0.051990531384944916
0.13076165318489075 0.6957956552505493 -0.04253711551427841
