0.5812512636184692 0.5702527165412903 -2.62467949596612e-07
0.5353137254714966 0.5928909182548523 -0.03889722749590874
0.4959064722061157 0.6026626825332642 -0.0680522620677948
0.5054097175598145 0.6046009659767151 -0.09127329289913177
0.5394901037216187 0.5902361273765564 -0.10965707898139954
0.49054601788520813 0.45055079460144043 -0.05397156625986099
0.5140015482902527 0.5361292958259583 -0.08675804734230042
0.5141389966011047 0.5580314993858337 -0.10810377448797226
0.5050042271614075 0.5337789058685303 -0.1239883080124855
0.5337660312652588 0.43243613839149475 -0.05118509754538536
0.5610489845275879 0.546536922454834 -0.07961441576480865
0.5516177415847778 0.5670066475868225 -0.08610430359840393
0.5375787019729614 0.5361780524253845 -0.09071069955825806
0.5775197744369507 0.43759503960609436 -0.0524737611413002
0.6004769206047058 0.5499756932258606 -0.07595115900039673
0.5858278870582581 0.5673115849494934 -0.06664369255304337
0.5711724162101746 0.5394332408905029 -0.05928092822432518
0.6162794232368469 0.4554654359817505 -0.05921623110771179
0.629954993724823 0.542502224445343 -0.07924140244722366
0.6172959804534912 0.5600739121437073 -0.07815331965684891
0.605322539806366 0.5429145097732544 -0.07427741587162018
