0.4005926549434662 0.5231117606163025 -3.879540031448414e-07
0.4789212644100189 0.5302520990371704 -0.043453291058540344
0.5693208575248718 0.5010796785354614 -0.07527963817119598
0.6583275198936462 0.4998360872268677 -0.10330675542354584
0.7319244742393494 0.4829270839691162 -0.12802112102508545
0.5024466514587402 0.3203996419906616 -0.07444009929895401
0.4989476501941681 0.5097192525863647 -0.11358242481946945
0.4871319830417633 0.5255551338195801 -0.1422629952430725
0.4879436194896698 0.4785221219062805 -0.16627459228038788
0.43074074387550354 0.3021259903907776 -0.07439395785331726
0.44105926156044006 0.5234694480895996 -0.10076911002397537
0.43828892707824707 0.5216280221939087 -0.10668507218360901
0.4389176368713379 0.46468132734298706 -0.11843373626470566
0.36892083287239075 0.31515946984291077 -0.07769807428121567
0.38419926166534424 0.5210574865341187 -0.09865745902061462
0.3868767321109772 0.5133312344551086 -0.08683978766202927
0.38832348585128784 0.44368743896484375 -0.08449067175388336
0.31225019693374634 0.3470487892627716 -0.08853781223297119
0.3278934359550476 0.5035308599472046 -0.1095643863081932
0.3379559814929962 0.5070923566818237 -0.10921955108642578
0.34212732315063477 0.45965948700904846 -0.10981793701648712
