0.23038576543331146 0.6652272939682007 -9.045951210318037e-10
0.26557573676109314 0.6548424959182739 -0.030002092942595482
0.2962627708911896 0.6320616602897644 -0.051063984632492065
0.28320297598838806 0.6218749284744263 -0.06779175251722336
0.2508930265903473 0.6335822939872742 -0.08077926933765411
0.2637583315372467 0.5042052865028381 -0.03489236906170845
0.25641462206840515 0.5795453190803528 -0.0660790205001831
0.2609219551086426 0.59865802526474 -0.08769416809082031
0.2646462023258209 0.5775905251502991 -0.10165967792272568
0.2227836549282074 0.5028920769691467 -0.03288058191537857
0.2195589542388916 0.6017687916755676 -0.05944468453526497
0.23364666104316711 0.6200755834579468 -0.06807473301887512
0.23840254545211792 0.5939568281173706 -0.07268963754177094
0.18793551623821259 0.5205467939376831 -0.03446769714355469
0.18872109055519104 0.612650990486145 -0.05515721067786217
0.20601263642311096 0.6298197507858276 -0.05102496221661568
0.2104370892047882 0.6069081425666809 -0.0465426966547966
0.16020160913467407 0.5472801923751831 -0.039984896779060364
0.16262391209602356 0.6145117878913879 -0.05291253328323364
0.1774103343486786 0.6297312378883362 -0.05151228606700897
0.18414220213890076 0.6113196015357971 -0.048117272555828094
