0.22261640429496765 0.570713996887207 -2.3096677637113316e-07
0.23886504769325256 0.5575239658355713 -0.006132117006927729
0.26065942645072937 0.5303324460983276 -0.00947918463498354
0.2725360691547394 0.5079098343849182 -0.014607441611588001
0.27682650089263916 0.49162960052490234 -0.018206529319286346
0.2906750440597534 0.5054547786712646 0.002246960299089551
0.2975025773048401 0.4835951030254364 -0.014894310384988785
0.2774895429611206 0.4893292188644409 -0.0269971564412117
0.26367267966270447 0.5006805658340454 -0.033375415951013565
0.2839050889015198 0.4979129731655121 -0.001228565233759582
0.27772191166877747 0.47301429510116577 -0.01838962361216545
0.2608155310153961 0.49087581038475037 -0.024943294003605843
0.2554088532924652 0.507905125617981 -0.026111358776688576
0.2756403386592865 0.49900180101394653 -0.0075552030466496944
0.266056090593338 0.47108906507492065 -0.02474813722074032
0.25084027647972107 0.4927152395248413 -0.022915080189704895
0.24568185210227966 0.5113932490348816 -0.017855210229754448
0.2664492428302765 0.5086784958839417 -0.014739863574504852
0.2557036876678467 0.48051437735557556 -0.026713941246271133
0.241489440202713 0.49456077814102173 -0.023929260671138763
0.23576562106609344 0.511432945728302 -0.01873772218823433
