0.545781135559082 0.4432925581932068 -3.6197198483023385e-07
0.48068609833717346 0.4129885137081146 0.0019343956373631954
0.41409918665885925 0.4092921018600464 -0.0097193019464612
0.3685639798641205 0.43663501739501953 -0.02329212613403797
0.348304808139801 0.4697028696537018 -0.03382289409637451
0.357673317193985 0.3614177703857422 -0.013202249072492123
0.3268333971500397 0.4971449077129364 -0.03686515614390373
0.3596212863922119 0.5029469132423401 -0.0488545261323452
0.37007811665534973 0.4711642265319824 -0.055994242429733276
0.371249794960022 0.376254141330719 -0.02580147236585617
0.3495264947414398 0.5284858345985413 -0.04645923525094986
0.3841799199581146 0.5226707458496094 -0.04642440006136894
0.39418691396713257 0.48901453614234924 -0.04701097309589386
0.39444538950920105 0.4084544777870178 -0.03942613676190376
0.3750626742839813 0.5479401350021362 -0.053097862750291824
0.40866971015930176 0.5433424711227417 -0.043628986924886703
0.4180136024951935 0.5102789402008057 -0.03936118260025978
0.421923965215683 0.44879987835884094 -0.054055433720350266
0.4121757447719574 0.5604248046875 -0.06644653528928757
0.4367148280143738 0.5535426139831543 -0.06579487770795822
0.4439683258533478 0.5218251943588257 -0.06457193940877914
