0.5973644256591797 0.5946530103683472 -1.1401919408626782e-07
0.5704111456871033 0.4987986981868744 -0.01717875711619854
0.5368859767913818 0.43042194843292236 -0.046615611761808395
0.4929504096508026 0.4197274446487427 -0.07433447986841202
0.4700946807861328 0.4562114477157593 -0.10190752148628235
0.6161794066429138 0.4156193435192108 -0.07199224084615707
0.5092992782592773 0.41095396876335144 -0.0972827821969986
0.49179062247276306 0.45346173644065857 -0.09784385561943054
0.5115458369255066 0.47582441568374634 -0.09697369486093521
0.615900993347168 0.4779709577560425 -0.0811217650771141
0.497115820646286 0.47448089718818665 -0.10510308295488358
0.4950712323188782 0.5079217553138733 -0.09572595357894897
0.5208532214164734 0.515036404132843 -0.090303435921669
0.6009464859962463 0.5409177541732788 -0.08956030756235123
0.48725175857543945 0.5302627682685852 -0.10701093077659607
0.4915178418159485 0.5537332892417908 -0.08822806179523468
0.5193639993667603 0.5599513053894043 -0.07725947350263596
0.57759690284729 0.5973688364028931 -0.09941305965185165
0.4912518262863159 0.5796366333961487 -0.11418776214122772
0.49792882800102234 0.5896020531654358 -0.10526572167873383
0.5260897278785706 0.596625804901123 -0.09828747063875198
