0.16780953109264374 0.5223512649536133 -4.6845759271718634e-08
0.22088126838207245 0.5560401678085327 -0.02524234727025032
0.26832500100135803 0.5941519737243652 -0.04676760733127594
0.282894492149353 0.6281648874282837 -0.06651341170072556
0.2500607371330261 0.6384365558624268 -0.08631660044193268
0.29322415590286255 0.45711803436279297 -0.05076289921998978
0.25392207503318787 0.5847146511077881 -0.07882969081401825
0.244553804397583 0.5715561509132385 -0.0976703017950058
0.2521933913230896 0.536611795425415 -0.11349548399448395
0.2445349246263504 0.4296281933784485 -0.05503961443901062
0.20473214983940125 0.5883996486663818 -0.07283297181129456
0.20101428031921387 0.5635675191879272 -0.07546395063400269
0.21329590678215027 0.5161510109901428 -0.08342081308364868
0.19202536344528198 0.425509512424469 -0.06115184724330902
0.15899139642715454 0.5739480257034302 -0.07573145627975464
0.15681089460849762 0.5463612079620361 -0.06774193793535233
0.1694236695766449 0.4973297119140625 -0.06554974615573883
0.14230448007583618 0.43237000703811646 -0.07197781652212143
0.1204645186662674 0.5480474829673767 -0.08774757385253906
0.12274285405874252 0.5302725434303284 -0.0892585888504982
0.13024142384529114 0.4884386956691742 -0.09075569361448288
