0.5884490609169006 0.43116503953933716 -2.493894157851173e-07
0.5036286115646362 0.47138071060180664 -0.07087289541959763
0.4332456886768341 0.5191336870193481 -0.12163712084293365
0.42631661891937256 0.5763166546821594 -0.15881550312042236
0.4661889374256134 0.6030961871147156 -0.18898212909698486
0.46024221181869507 0.3350292444229126 -0.1321299970149994
0.4932083785533905 0.580847978591919 -0.18662385642528534
0.4976634383201599 0.5958110094070435 -0.21705377101898193
0.4882703125476837 0.532337486743927 -0.24043892323970795
0.5458629727363586 0.3117143511772156 -0.12408369034528732
0.5739774107933044 0.5914433002471924 -0.16008561849594116
0.5583688616752625 0.5680423974990845 -0.15685342252254486
0.5364105105400085 0.4867509603500366 -0.15913330018520355
0.6296759843826294 0.3252866268157959 -0.11995622515678406
0.6378896236419678 0.5909532308578491 -0.1516682654619217
0.619075357913971 0.5596339106559753 -0.1181010901927948
0.6040442585945129 0.4825763404369354 -0.09464643150568008
0.6983517408370972 0.35886645317077637 -0.12588892877101898
0.6907394528388977 0.5660064816474915 -0.16316397488117218
0.6758049726486206 0.5397375226020813 -0.15490607917308807
0.6660600900650024 0.46495503187179565 -0.14265236258506775
