0.6318503022193909 0.6174713969230652 -6.234703846530465e-07
0.5487492680549622 0.6663785576820374 -0.007339714094996452
0.4776400327682495 0.6769192814826965 -0.024602185934782028
0.43316853046417236 0.6783669590950012 -0.04637438803911209
0.42762047052383423 0.6489786505699158 -0.06208588555455208
0.42585206031799316 0.4924851059913635 0.0024847558233886957
0.37115299701690674 0.59205162525177 -0.032675594091415405
0.4220110774040222 0.6321974992752075 -0.05481361225247383
0.4546726942062378 0.6209012269973755 -0.06719981878995895
0.4434836506843567 0.4666368067264557 -0.011505153961479664
0.38296985626220703 0.58833909034729 -0.0493866391479969
0.437786728143692 0.6277105808258057 -0.055997807532548904
0.46703752875328064 0.6073232293128967 -0.05331793427467346
0.4688933491706848 0.4650212526321411 -0.030160432681441307
0.4144328236579895 0.5849531292915344 -0.0619097501039505
0.46457454562187195 0.617849588394165 -0.047921258956193924
0.4919910430908203 0.5936573147773743 -0.03190567344427109
0.4963335692882538 0.48579999804496765 -0.05113436281681061
0.45913150906562805 0.5819213390350342 -0.0704381912946701
0.49095070362091064 0.6067942976951599 -0.062010508030653
0.5141183137893677 0.585056722164154 -0.050112832337617874
