0.21317961812019348 0.5984151363372803 -2.974728943172522e-07
0.2825497090816498 0.6218783855438232 -0.02450375445187092
0.3639428913593292 0.6052155494689941 -0.029182877391576767
0.386809766292572 0.537361204624176 -0.03288790583610535
0.3446585237979889 0.5017379522323608 -0.030993139371275902
0.35471436381340027 0.5080184936523438 0.002449996769428253
0.3831275701522827 0.4682512879371643 -0.021800003945827484
0.3499544858932495 0.5171064734458923 -0.03127377852797508
0.3384392559528351 0.5375271439552307 -0.03317602723836899
0.3255547285079956 0.46814537048339844 0.004576421342790127
0.3460250198841095 0.43663540482521057 -0.020859410986304283
0.308942973613739 0.4982990324497223 -0.022910429164767265
0.3042350709438324 0.5092343091964722 -0.016691694036126137
0.29325541853904724 0.43573564291000366 0.000571134383790195
0.31239643692970276 0.4016220271587372 -0.029064564034342766
0.2817145884037018 0.46356868743896484 -0.020445942878723145
0.27514535188674927 0.4804343581199646 -0.00544767826795578
0.25773370265960693 0.4041312634944916 -0.005520163103938103
0.2764938771724701 0.35901230573654175 -0.019424021244049072
0.26323312520980835 0.40138277411460876 -0.007754065562039614
0.25684261322021484 0.4276925027370453 0.006232780404388905
