0.37008795142173767 0.638288140296936 -5.533404419111321e-07
0.2918682396411896 0.5676634311676025 -0.005308113992214203
0.25651171803474426 0.4781798720359802 -0.013056924566626549
0.2857932150363922 0.4179980754852295 -0.0185697041451931
0.33493977785110474 0.40621551871299744 -0.02239535190165043
0.32026684284210205 0.3320525288581848 -0.018501151353120804
0.32983359694480896 0.3661198019981384 -0.020299740135669708
0.3348541855812073 0.4135853350162506 -0.024786168709397316
0.32928529381752014 0.44553065299987793 -0.030223077163100243
0.3870176374912262 0.333240270614624 -0.021751217544078827
0.38794320821762085 0.3737401068210602 -0.014042012393474579
0.3858884572982788 0.4177930951118469 -0.015583324246108532
0.3789036273956299 0.4557911455631256 -0.02108067460358143
0.4444993734359741 0.36091482639312744 -0.022831745445728302
0.43650126457214355 0.4047563076019287 -0.01747730001807213
0.42910346388816833 0.44007155299186707 -0.015226949006319046
0.4193705916404724 0.4752679169178009 -0.01726580038666725
0.48863911628723145 0.4040760397911072 -0.024869848042726517
0.48065027594566345 0.4241010248661041 -0.022970080375671387
0.47004976868629456 0.454916387796402 -0.014939725399017334
0.4605588912963867 0.48517897725105286 -0.007953171618282795
