0.40485045313835144 0.6734499335289001 -4.2350276885372296e-07
0.3943473696708679 0.5847312211990356 0.026136906817555428
0.4117981493473053 0.5296234488487244 0.023285208269953728
0.44370752573013306 0.5056321024894714 0.0126756327226758
0.47296369075775146 0.5027961730957031 0.0028890883550047874
0.4230620563030243 0.4394224286079407 0.013357188552618027
0.4534234404563904 0.47406333684921265 0.002854327904060483
0.4487934112548828 0.5144543051719666 -0.008230606094002724
0.4361400604248047 0.5339077711105347 -0.018778204917907715
0.46313363313674927 0.4400613009929657 -0.011860641650855541
0.4924829602241516 0.4909791052341461 -0.018371446058154106
0.4814437925815582 0.5248508453369141 -0.027199698612093925
0.4650633633136749 0.5434591770172119 -0.03640303015708923
0.502578616142273 0.46701204776763916 -0.03487348556518555
0.5311199426651001 0.5301390290260315 -0.03926995396614075
0.5141037702560425 0.5631930232048035 -0.03985431045293808
0.49541640281677246 0.5708231925964355 -0.04439167678356171
0.5398224592208862 0.5121537446975708 -0.05717033892869949
0.5698221921920776 0.5840723514556885 -0.06065566837787628
0.5527512431144714 0.6118788719177246 -0.06016567721962929
0.5314091444015503 0.6146605014801025 -0.06102930009365082
