0.24119022488594055 0.4753507375717163 -9.154534552635596e-08
0.30104485154151917 0.5303893685340881 -0.040364257991313934
0.3482344150543213 0.5682744979858398 -0.06855907291173935
0.3441959321498871 0.5961235761642456 -0.09083990752696991
0.3078899681568146 0.6072487235069275 -0.11163561791181564
0.389681875705719 0.4375297427177429 -0.07787127792835236
0.3214481472969055 0.5882428884506226 -0.11804058402776718
0.2956041395664215 0.591463029384613 -0.14252707362174988
0.3010287284851074 0.5581165552139282 -0.16128534078598022
0.33873993158340454 0.3909149765968323 -0.07617262005805969
0.2696773111820221 0.5625050067901611 -0.10545054823160172
0.2638570964336395 0.5447040796279907 -0.10904926061630249
0.28330695629119873 0.49651244282722473 -0.1168794184923172
0.2807536721229553 0.37309226393699646 -0.07731150835752487
0.22154533863067627 0.5319059491157532 -0.09993724524974823
0.2220911979675293 0.5109758973121643 -0.09030897170305252
0.24560275673866272 0.4638957679271698 -0.08627868443727493
0.22491443157196045 0.37034645676612854 -0.08445225656032562
0.1845780909061432 0.49122297763824463 -0.10828280448913574
0.19043569266796112 0.48225137591362 -0.11147553473711014
0.20683276653289795 0.4444921314716339 -0.11307838559150696
