0.40567734837532043 0.806019127368927 -4.926611723021779e-07
0.3345164954662323 0.7033674120903015 -0.004853349644690752
0.3125215470790863 0.5877387523651123 -0.00668408302590251
0.34386494755744934 0.5099830627441406 -0.0070913867093622684
0.3914589583873749 0.49385082721710205 -0.006162032950669527
0.4240052402019501 0.5005919337272644 0.004245301708579063
0.40667805075645447 0.4940822124481201 0.009784308262169361
0.39761534333229065 0.5369908809661865 0.004992039408534765
0.39615148305892944 0.5736894607543945 -0.0008425688138231635
0.48398280143737793 0.5272884964942932 0.005455353297293186
0.4588766396045685 0.5142996311187744 0.020236849784851074
0.44439995288848877 0.546055018901825 0.018381256610155106
0.4392946660518646 0.5862471461296082 0.012340950779616833
0.524034857749939 0.5706632137298584 0.007747557945549488
0.49844789505004883 0.5535273551940918 0.01765587367117405
0.47991201281547546 0.5749490261077881 0.019057976081967354
0.47155046463012695 0.6112019419670105 0.016212686896324158
0.5489501953125 0.6168094277381897 0.009466446936130524
0.528232753276825 0.5891128778457642 0.016086241230368614
0.5097671747207642 0.6075497269630432 0.024968178942799568
0.5012110471725464 0.639015257358551 0.03171456232666969
