0.20473404228687286 0.5867248177528381 1.0928230409490425e-07
0.2511475682258606 0.5402912497520447 -0.009304746985435486
0.3009960353374481 0.5142806172370911 -0.02237628400325775
0.3412126898765564 0.5236608982086182 -0.0357389897108078
0.35513681173324585 0.5456187725067139 -0.04723619669675827
0.2651728093624115 0.4745745360851288 -0.03298787400126457
0.3332015872001648 0.5193266868591309 -0.05033053830265999
0.33835723996162415 0.5476741194725037 -0.05612558871507645
0.3275195062160492 0.5520780682563782 -0.0592474639415741
0.24681028723716736 0.5067697763442993 -0.03973231837153435
0.3214121162891388 0.5640836954116821 -0.05424342676997185
0.31220051646232605 0.5788773894309998 -0.051265064626932144
0.2945113182067871 0.5664498805999756 -0.05070388317108154
0.23420575261116028 0.5438424944877625 -0.047081466764211655
0.3042446970939636 0.5955416560173035 -0.057496655732393265
0.29131126403808594 0.6022385358810425 -0.048074252903461456
0.27473074197769165 0.5888986587524414 -0.04295128956437111
0.22579890489578247 0.5825175642967224 -0.056040845811367035
0.28343087434768677 0.6226871013641357 -0.059407249093055725
0.2735789120197296 0.625133216381073 -0.05158613249659538
0.25644561648368835 0.6160838603973389 -0.04726678505539894
