0.02474435418844223 0.6499559879302979 -3.516493407573762e-08
0.08959667384624481 0.6753374934196472 -0.028525806963443756
0.14805814623832703 0.7057750821113586 -0.0521136075258255
0.1773321032524109 0.7474074363708496 -0.07420385628938675
0.1698504388332367 0.781000554561615 -0.09485234320163727
0.17276541888713837 0.568195104598999 -0.048673491925001144
0.15691626071929932 0.7436822652816772 -0.08254424482584
0.13646402955055237 0.7381407022476196 -0.10595206916332245
0.1312723159790039 0.6940863132476807 -0.12519805133342743
0.12016052007675171 0.5524482727050781 -0.05546114966273308
0.10602172464132309 0.7432817816734314 -0.08471116423606873
0.09217888861894608 0.7147689461708069 -0.09405332058668137
0.09448786824941635 0.659641444683075 -0.1055120900273323
0.06321057677268982 0.5605130791664124 -0.06528162211179733
0.05253751203417778 0.7352996468544006 -0.0924626812338829
0.040090784430503845 0.7060996890068054 -0.09210389107465744
0.04237523674964905 0.6555793881416321 -0.09309623390436172
0.007680527865886688 0.5816980600357056 -0.07942178100347519
-0.00015272200107574463 0.7168267369270325 -0.10295198857784271
-0.006194941699504852 0.6949063539505005 -0.10859954357147217
-0.008675985038280487 0.6485607624053955 -0.11239975690841675
