0.21599428355693817 0.38560202717781067 9.813006585090989e-08
0.27931639552116394 0.44899609684944153 -0.040084805339574814
0.3312912583351135 0.5145623087882996 -0.069847971200943
0.33597585558891296 0.569147527217865 -0.09502750635147095
0.29073935747146606 0.5886461734771729 -0.11808280646800995
0.3427133560180664 0.39934241771698 -0.07164042443037033
0.285680890083313 0.5590421557426453 -0.11311257630586624
0.269971638917923 0.5643502473831177 -0.13923603296279907
0.26876887679100037 0.5302422046661377 -0.15696144104003906
0.2899855673313141 0.363427996635437 -0.07216624915599823
0.22650562226772308 0.5390711426734924 -0.10134204477071762
0.22983482480049133 0.5151374340057373 -0.10626271367073059
0.2491573989391327 0.4655322730541229 -0.1148936003446579
0.2342369705438614 0.3504921793937683 -0.07620500773191452
0.17758764326572418 0.5141464471817017 -0.09760468453168869
0.18580928444862366 0.4842302203178406 -0.08675975352525711
0.20577532052993774 0.439019113779068 -0.08157932013273239
0.1824784278869629 0.34727293252944946 -0.08678795397281647
0.14282986521720886 0.47389939427375793 -0.10624338686466217
0.15254047513008118 0.45165660977363586 -0.1050867810845375
0.16647064685821533 0.4099254310131073 -0.10428022593259811
