0.5502269864082336 0.46680212020874023 -1.6430466587280534e-07
0.4738587737083435 0.4826911985874176 -0.016363246366381645
0.4172152578830719 0.5125353336334229 -0.04109378159046173
0.4078224003314972 0.5679777264595032 -0.06348178535699844
0.4448277950286865 0.6058772802352905 -0.08384349197149277
0.4049081802368164 0.3996923565864563 -0.05398302897810936
0.3960306942462921 0.550315260887146 -0.0755937397480011
0.4228377342224121 0.5706095099449158 -0.08083558827638626
0.43575936555862427 0.5434549450874329 -0.08424322307109833
0.45172807574272156 0.3983328342437744 -0.0628884881734848
0.4432445764541626 0.5708059668540955 -0.0776660218834877
0.46271851658821106 0.5656910538673401 -0.07287025451660156
0.4653073251247406 0.5301732420921326 -0.07285309582948685
0.5012460947036743 0.4162176251411438 -0.07201065868139267
0.48673179745674133 0.5754297971725464 -0.08088168501853943
0.4977681636810303 0.5624955892562866 -0.06769411265850067
0.498870849609375 0.5259518027305603 -0.06170908734202385
0.5471746325492859 0.44668519496917725 -0.0833338126540184
0.5264577269554138 0.562881588935852 -0.08935073763132095
0.5303056240081787 0.5469069480895996 -0.08030778169631958
0.5324860215187073 0.5086588859558105 -0.07413230836391449
