0.7357136607170105 0.4989268183708191 -5.320738978298323e-07
0.6364951133728027 0.5040805339813232 -0.024325015023350716
0.5479779243469238 0.4437265396118164 -0.028644679114222527
0.5386430025100708 0.349115252494812 -0.03694061562418938
0.5747018456459045 0.29266905784606934 -0.038934290409088135
0.534497857093811 0.37233826518058777 0.020905859768390656
0.5147273540496826 0.2865752577781677 -0.01909935288131237
0.5504875183105469 0.34367045760154724 -0.04084330052137375
0.5590999722480774 0.38076698780059814 -0.048778124153614044
0.5797584056854248 0.3357723653316498 0.017366042360663414
0.5676982402801514 0.2585132420063019 -0.02531551569700241
0.6031631827354431 0.33206701278686523 -0.037355829030275345
0.6010985970497131 0.3645063042640686 -0.03333139792084694
0.6243551969528198 0.3067328929901123 0.003942043986171484
0.6185293197631836 0.25127461552619934 -0.037430014461278915
0.6482394337654114 0.32825031876564026 -0.03284497931599617
0.6444047689437866 0.36285194754600525 -0.016903428360819817
0.6717334985733032 0.28610509634017944 -0.012593870051205158
0.6616507172584534 0.2375892996788025 -0.029522446915507317
0.6800217628479004 0.2986977696418762 -0.01746227592229843
0.6807986497879028 0.3359839916229248 -0.0022867703810334206
