0.11087841540575027 0.5264073014259338 -2.4559872713325603e-07
0.15966622531414032 0.5486483573913574 -0.05211898684501648
0.21526004374027252 0.5374072790145874 -0.07702845335006714
0.20679664611816406 0.48177456855773926 -0.09255536645650864
0.1759047955274582 0.4398302733898163 -0.09877650439739227
0.2649315595626831 0.40524378418922424 -0.04557101055979729
0.19607433676719666 0.4025980830192566 -0.08622521162033081
0.17321503162384033 0.45420587062835693 -0.10442566871643066
0.1895057111978531 0.46766114234924316 -0.1125544011592865
0.23118820786476135 0.3544549345970154 -0.03488026186823845
0.15435440838336945 0.3711170554161072 -0.07539764791727066
0.14281997084617615 0.4350659251213074 -0.08020338416099548
0.16763068735599518 0.440178781747818 -0.07602926343679428
0.19122295081615448 0.3264639675617218 -0.03139293193817139
0.12220285832881927 0.34401631355285645 -0.07126349210739136
0.11660727858543396 0.4066106975078583 -0.06421416997909546
0.14035916328430176 0.411896675825119 -0.05161401629447937
0.14933523535728455 0.3156009316444397 -0.03281806409358978
0.10136760771274567 0.3249629735946655 -0.058354806154966354
0.09778614342212677 0.3732762336730957 -0.0550028458237648
0.1155889481306076 0.3829105496406555 -0.04544684663414955
