0.17103281617164612 0.5554670095443726 -2.0394438138282567e-07
0.2436746060848236 0.5744661092758179 -0.03389529511332512
0.3315677046775818 0.5515307188034058 -0.04656291380524635
0.3289910554885864 0.48452258110046387 -0.054471489042043686
0.27903562784194946 0.45060354471206665 -0.05566093325614929
0.3464707136154175 0.3876211941242218 -0.012783304788172245
0.32612791657447815 0.41292956471443176 -0.04248771071434021
0.29924845695495605 0.4719463586807251 -0.0584074892103672
0.299970418214798 0.47584718465805054 -0.0667005330324173
0.30512502789497375 0.33574190735816956 -0.01024510059505701
0.271274209022522 0.387105256319046 -0.03697280213236809
0.25012069940567017 0.45976030826568604 -0.04426095262169838
0.26132097840309143 0.45064815878868103 -0.0441056527197361
0.2571682035923004 0.3119369149208069 -0.013601228594779968
0.21868732571601868 0.3682725429534912 -0.04025184363126755
0.20735840499401093 0.43600329756736755 -0.035194072872400284
0.22450372576713562 0.4260513484477997 -0.02747569978237152
0.20912207663059235 0.3001137673854828 -0.020531928166747093
0.18038752675056458 0.3441249430179596 -0.031735535711050034
0.17304566502571106 0.39954522252082825 -0.02233634889125824
0.1856566071510315 0.4004119634628296 -0.012311358936131
