0.5236042141914368 0.5594282746315002 -2.3314422037401528e-07
0.47951728105545044 0.5805657505989075 -0.04702826216816902
0.4355437755584717 0.5804611444473267 -0.08096306771039963
0.44272488355636597 0.5825624465942383 -0.10757022351026535
0.4806441068649292 0.5654441714286804 -0.1277553290128708
0.4099867343902588 0.4164953827857971 -0.057247284799814224
0.4272417426109314 0.5374859571456909 -0.10283216089010239
0.4538332223892212 0.5773152709007263 -0.1349637806415558
0.46575361490249634 0.5529595613479614 -0.15667568147182465
0.45914426445961 0.3904479444026947 -0.05280224233865738
0.4751289486885071 0.5260188579559326 -0.08919844031333923
0.482077419757843 0.5559194087982178 -0.097279854118824
0.475608229637146 0.5223689079284668 -0.10044179111719131
0.5078649520874023 0.3937682807445526 -0.05451446771621704
0.5209304094314575 0.5243947505950928 -0.08069291710853577
0.5215267539024353 0.5475590229034424 -0.06358788907527924
0.5160463452339172 0.5180950164794922 -0.04952535778284073
0.5503959655761719 0.41207873821258545 -0.06304214149713516
0.5551573038101196 0.5190604329109192 -0.08372701704502106
0.5571445226669312 0.5373275279998779 -0.07718394696712494
0.557494044303894 0.508587658405304 -0.06747830659151077
