0.6215944290161133 0.6389399170875549 -5.023930498282425e-07
0.5742837190628052 0.5616109371185303 0.005413329694420099
0.5213573575019836 0.4915231168270111 -0.008983024396002293
0.47171568870544434 0.46134060621261597 -0.02669386751949787
0.43839138746261597 0.46815451979637146 -0.04063472896814346
0.5060678720474243 0.3866649270057678 -0.021101953461766243
0.3916904926300049 0.43846455216407776 -0.0502251461148262
0.41621094942092896 0.4830051362514496 -0.06144231930375099
0.4465581774711609 0.47550827264785767 -0.06694912165403366
0.5101332664489746 0.4198007583618164 -0.03901788964867592
0.38752713799476624 0.4923761188983917 -0.06529994308948517
0.41962486505508423 0.5267840623855591 -0.060257136821746826
0.45110172033309937 0.5118474364280701 -0.05673167482018471
0.5108008980751038 0.47345417737960815 -0.057938262820243835
0.3933895230293274 0.539726734161377 -0.07652921974658966
0.4255181849002838 0.5715698599815369 -0.057119276374578476
0.4583209156990051 0.5571828484535217 -0.045167017728090286
0.5099159479141235 0.5382325053215027 -0.07761892676353455
0.41837355494499207 0.5905973315238953 -0.09263357520103455
0.44341447949409485 0.6116142272949219 -0.08443358540534973
0.47414037585258484 0.6001900434494019 -0.07683033496141434
