0.27766233682632446 0.5415154695510864 -4.5898042344560963e-07
0.35732731223106384 0.5961193442344666 -0.0019990839064121246
0.43252336978912354 0.5811229944229126 -0.002964740851894021
0.47912490367889404 0.5563741326332092 -0.006200856063514948
0.5008499622344971 0.5215768218040466 -0.0038406900130212307
0.4848349988460541 0.4288240671157837 0.012499614618718624
0.5209593772888184 0.5780417919158936 -0.012781951576471329
0.47366711497306824 0.5978189706802368 -0.029227644205093384
0.449833482503891 0.5592401623725891 -0.0402274914085865
0.48098987340927124 0.41545823216438293 0.001463834079913795
0.5198152661323547 0.5873957872390747 -0.020546361804008484
0.4651504456996918 0.6016353368759155 -0.020651215687394142
0.443286657333374 0.5647029876708984 -0.01855628378689289
0.4690667390823364 0.4278148412704468 -0.01405732985585928
0.5048305988311768 0.5929038524627686 -0.03529399633407593
0.45250189304351807 0.6028440594673157 -0.02684883028268814
0.4318273961544037 0.5663213133811951 -0.019017651677131653
0.45240235328674316 0.4599888026714325 -0.031109293922781944
0.4798460900783539 0.5839568972587585 -0.04332534596323967
0.4382491707801819 0.5885547399520874 -0.03865231201052666
0.41854023933410645 0.5545628070831299 -0.03385113179683685
