0.6316121816635132 0.6319026350975037 -3.2281585049531714e-07
0.5639649033546448 0.556675136089325 -0.02106006257236004
0.5113276839256287 0.4959118664264679 -0.05077219009399414
0.4640257656574249 0.46843409538269043 -0.07752387225627899
0.46456414461135864 0.4768347442150116 -0.09996934235095978
0.6054803133010864 0.3724880516529083 -0.06006056070327759
0.48687803745269775 0.4003715515136719 -0.09135107696056366
0.490029901266098 0.46062973141670227 -0.10063129663467407
0.5196580290794373 0.4679885804653168 -0.1064395159482956
0.621258020401001 0.4263487160205841 -0.06888975948095322
0.48422154784202576 0.46606916189193726 -0.10137056559324265
0.49772748351097107 0.5120849609375 -0.09880784898996353
0.5292869210243225 0.5108002424240112 -0.09686120599508286
0.6204075217247009 0.49358460307121277 -0.07878153771162033
0.4925263524055481 0.532831609249115 -0.10546465963125229
0.5074945092201233 0.5665603876113892 -0.08993517607450485
0.5393428206443787 0.5609831809997559 -0.07908608764410019
0.6088778972625732 0.5640427470207214 -0.09057144075632095
0.5100311040878296 0.5851216912269592 -0.11105918884277344
0.5224916934967041 0.605025053024292 -0.10479076951742172
0.552297055721283 0.5999993085861206 -0.09791523218154907
