0.2020936757326126 0.4711627960205078 3.3198784876731224e-07
0.2611393630504608 0.41278886795043945 -0.02856939285993576
0.3218892812728882 0.38995659351348877 -0.06949100643396378
0.3734408915042877 0.401106059551239 -0.1055198684334755
0.3862968385219574 0.42033886909484863 -0.13870780169963837
0.26049715280532837 0.34391096234321594 -0.12083900719881058
0.3674983084201813 0.4089490473270416 -0.15428072214126587
0.360278457403183 0.4438849091529846 -0.15343748033046722
0.32793939113616943 0.4446460008621216 -0.15136054158210754
0.2312426120042801 0.39936563372612 -0.12727020680904388
0.3571552038192749 0.4834134578704834 -0.160394549369812
0.3397904634475708 0.5083706974983215 -0.14557936787605286
0.30798017978668213 0.4970608949661255 -0.1389162391424179
0.21614763140678406 0.46501412987709045 -0.13090412318706512
0.33834514021873474 0.5376149415969849 -0.15177594125270844
0.32075583934783936 0.5515639781951904 -0.12284974753856659
0.29059505462646484 0.5410427451133728 -0.1078869178891182
0.2108195424079895 0.5290950536727905 -0.13746659457683563
0.30992391705513 0.5860017538070679 -0.1493806093931198
0.3126832842826843 0.5926018357276917 -0.1334836632013321
0.29684120416641235 0.585347592830658 -0.12548917531967163
