0.3525685667991638 0.6668052673339844 4.7496013166892226e-07
0.4191911816596985 0.7331946492195129 -0.02625902369618416
0.5049469470977783 0.764262855052948 -0.034456346184015274
0.5713499188423157 0.799809992313385 -0.04345444589853287
0.609182596206665 0.8447636961936951 -0.05165296047925949
0.569718599319458 0.6324707269668579 0.0030759621877223253
0.6361194849014282 0.6120971441268921 -0.006228453945368528
0.672836184501648 0.5911476612091064 -0.01895035058259964
0.7002082467079163 0.5718843936920166 -0.02961621806025505
0.5552277565002441 0.570412278175354 0.0019221800612285733
0.6244583129882812 0.5181028246879578 -0.003692069323733449
0.6637682914733887 0.48722556233406067 -0.014013615436851978
0.6938011050224304 0.4620901942253113 -0.022058160975575447
0.5271316766738892 0.523277997970581 -0.00481058657169342
0.5882373452186584 0.4645076394081116 -0.014834999106824398
0.6228936910629272 0.4325134754180908 -0.026054315268993378
0.6515042781829834 0.4077894985675812 -0.034049928188323975
0.48589053750038147 0.4876125156879425 -0.015279063023626804
0.5160597562789917 0.4244512915611267 -0.02731836587190628
0.5358462333679199 0.3821044862270355 -0.03358323872089386
0.5548297762870789 0.346832275390625 -0.03706862032413483
