0.11436605453491211 0.9316714406013489 1.3264617564345826e-06
0.14095839858055115 0.7937347292900085 -0.01286676712334156
0.2274443358182907 0.7008300423622131 -0.034798748791217804
0.32393109798431396 0.67585289478302 -0.054680801928043365
0.40070128440856934 0.6861971616744995 -0.07214052975177765
0.24263732135295868 0.6861009001731873 -0.07991454750299454
0.38518932461738586 0.6158215403556824 -0.10792532563209534
0.46154356002807617 0.5980764627456665 -0.11588898301124573
0.5230430364608765 0.5900713205337524 -0.1191011294722557
0.26368704438209534 0.778943657875061 -0.08723604679107666
0.431693434715271 0.7575644254684448 -0.1180662214756012
0.5290014743804932 0.7676244378089905 -0.12231021374464035
0.602266788482666 0.7823905348777771 -0.12417063117027283
0.2784768342971802 0.8633891344070435 -0.09027759730815887
0.4135704040527344 0.7921914458274841 -0.11560685187578201
0.3818942904472351 0.7725802063941956 -0.10123933851718903
0.34057390689849854 0.7709400653839111 -0.08672798424959183
0.2924187183380127 0.9315640926361084 -0.09356410056352615
0.38955429196357727 0.8562724590301514 -0.1075301319360733
0.3621130585670471 0.830163836479187 -0.0919397845864296
0.3254975974559784 0.8275938034057617 -0.07686826586723328
