0.26233065128326416 0.7449241876602173 6.993692522883066e-07
0.32185104489326477 0.764596700668335 -0.0310102216899395
0.3818160891532898 0.7694328427314758 -0.05547405406832695
0.38456955552101135 0.7661195993423462 -0.08301813900470734
0.3438716232776642 0.7658439874649048 -0.1094391942024231
0.4349691569805145 0.6383500695228577 -0.03945088014006615
0.49597838521003723 0.5703299641609192 -0.07619680464267731
0.5300352573394775 0.5296602845191956 -0.09570876508951187
0.5573264360427856 0.48171675205230713 -0.1072077825665474
0.39396584033966064 0.5831275582313538 -0.051706455647945404
0.4211771488189697 0.5038935542106628 -0.10152561217546463
0.42927414178848267 0.4409598112106323 -0.12614446878433228
0.4334234297275543 0.3704611659049988 -0.1329522430896759
0.3442794382572174 0.5614854693412781 -0.06684169918298721
0.34368667006492615 0.6178256273269653 -0.12919405102729797
0.3281973600387573 0.7134453654289246 -0.14123326539993286
0.3177889585494995 0.7642279267311096 -0.1287391185760498
0.29476433992385864 0.5673377513885498 -0.08470683544874191
0.28743934631347656 0.6434574723243713 -0.12680436670780182
0.2846803069114685 0.7179112434387207 -0.13004973530769348
0.28522324562072754 0.7604659795761108 -0.11976780742406845
