0.2400328814983368 0.8308195471763611 3.5802383990812814e-07
0.3111858665943146 0.8366602659225464 -0.0253050085157156
0.380952388048172 0.7886416912078857 -0.03302951529622078
0.42946338653564453 0.7398682236671448 -0.03981984779238701
0.47227177023887634 0.716336727142334 -0.04626647010445595
0.3906770348548889 0.6529867649078369 -0.017222875729203224
0.44173842668533325 0.5830556154251099 -0.035114772617816925
0.47092264890670776 0.5349020957946777 -0.05051646754145622
0.4928669333457947 0.49089115858078003 -0.0621747225522995
0.3567545711994171 0.612245500087738 -0.019930629059672356
0.3998349905014038 0.5157275795936584 -0.03489106893539429
0.4254748523235321 0.4535689651966095 -0.04856065660715103
0.44352227449417114 0.39925986528396606 -0.058578137308359146
0.31758713722229004 0.59588223695755 -0.026520444080233574
0.3451198637485504 0.5023497343063354 -0.04207835718989372
0.36560577154159546 0.4430798888206482 -0.05509619787335396
0.3835202157497406 0.3904072940349579 -0.06445381790399551
0.27251455187797546 0.5997918248176575 -0.036071352660655975
0.27562862634658813 0.5217492580413818 -0.052552372217178345
0.27937212586402893 0.46853411197662354 -0.06110716238617897
0.2855309247970581 0.41846969723701477 -0.06636474281549454
