0.37429556250572205 0.4667509198188782 4.18988491901473e-07
0.42727869749069214 0.5594511032104492 -0.03201957046985626
0.5159638524055481 0.6182328462600708 -0.044350460171699524
0.5903677344322205 0.6680811643600464 -0.056728485971689224
0.6366492509841919 0.7175160646438599 -0.06856831908226013
0.6272750496864319 0.4811386168003082 -0.011488154530525208
0.7151013016700745 0.4569806456565857 -0.029959816485643387
0.7639166116714478 0.43343034386634827 -0.04822373762726784
0.8031997680664062 0.41041985154151917 -0.06263506412506104
0.6239522099494934 0.41147297620773315 -0.01491309329867363
0.7228215932846069 0.3600837290287018 -0.03101101517677307
0.7823398113250732 0.3279937207698822 -0.04870304465293884
0.8277972340583801 0.2983521819114685 -0.06183608993887901
0.6022913455963135 0.3556387722492218 -0.02391235902905464
0.6899276971817017 0.2950479984283447 -0.04289825260639191
0.7439819574356079 0.2609400153160095 -0.06007310375571251
0.7891021966934204 0.23223480582237244 -0.07190480828285217
0.5628807544708252 0.31018584966659546 -0.036820393055677414
0.6166870594024658 0.24088113009929657 -0.05685345083475113
0.6523449420928955 0.19519248604774475 -0.06767220795154572
0.6863147020339966 0.15667974948883057 -0.07418505102396011
