0.08404013514518738 0.7056031227111816 9.63400339060172e-07
0.1512385755777359 0.7642056345939636 -0.039999525994062424
0.2396436631679535 0.7490915060043335 -0.05390723794698715
0.277656614780426 0.6503036618232727 -0.06779424101114273
0.2916707396507263 0.5593188405036926 -0.07930169999599457
0.3551698625087738 0.7033570408821106 -0.018504673615098
0.46083319187164307 0.7113644480705261 -0.045421089977025986
0.5260953903198242 0.7049333453178406 -0.06395459175109863
0.5821560025215149 0.6931373476982117 -0.0755663737654686
0.3495953679084778 0.6215403079986572 -0.021782157942652702
0.46646127104759216 0.5943030714988708 -0.05225784704089165
0.5412667393684387 0.5757657885551453 -0.07140715420246124
0.6036648750305176 0.5593717098236084 -0.07986625283956528
0.3143244981765747 0.5591795444488525 -0.030543887987732887
0.37833791971206665 0.510348379611969 -0.08305692672729492
0.3217071294784546 0.5460274815559387 -0.09098688513040543
0.27136099338531494 0.5746021270751953 -0.0788702666759491
0.2624407112598419 0.5171855688095093 -0.04214344546198845
0.3069206178188324 0.48473846912384033 -0.08623945713043213
0.2703198790550232 0.5267086625099182 -0.0840270146727562
0.23142296075820923 0.5612963438034058 -0.0698477178812027
