0.336492121219635 0.6628814339637756 5.189085641177371e-07
0.3950870633125305 0.737224817276001 -0.026124976575374603
0.48057806491851807 0.7715035676956177 -0.03491874411702156
0.5464417338371277 0.8035711050033569 -0.0447203703224659
0.5700854063034058 0.8574252724647522 -0.05370201915502548
0.5593090057373047 0.646108865737915 0.0033620763570070267
0.6303249597549438 0.6376674771308899 -0.005762876942753792
0.6703472137451172 0.6214653253555298 -0.018137704581022263
0.6984140872955322 0.6056659817695618 -0.028351817280054092
0.5481595993041992 0.5826815962791443 0.0015319731319323182
0.624902069568634 0.539939820766449 -0.004110842477530241
0.6688758134841919 0.5125595331192017 -0.01334759034216404
0.7001750469207764 0.49052292108535767 -0.02003997191786766
0.5229552984237671 0.5335025191307068 -0.005672022234648466
0.5888111591339111 0.4817136526107788 -0.013970263302326202
0.6256781816482544 0.4579773545265198 -0.022940445691347122
0.6546369791030884 0.4414054751396179 -0.029211312532424927
0.4834997355937958 0.4951756000518799 -0.016892407089471817
0.521073579788208 0.4376832842826843 -0.025467216968536377
0.5454487204551697 0.3999234139919281 -0.029077328741550446
0.5686873197555542 0.36951443552970886 -0.03108835779130459
