0.2513899803161621 1.0155091285705566 3.1058098670655454e-07
0.23263251781463623 0.939139187335968 0.0161152146756649
0.23779413104057312 0.8653916120529175 0.01797969453036785
0.25183695554733276 0.8065406680107117 0.014704130589962006
0.2615555226802826 0.7643628716468811 0.01222816202789545
0.28326258063316345 0.8301100730895996 0.00182902324013412
0.3197459578514099 0.7512299418449402 -0.00706009566783905
0.34013256430625916 0.7032492160797119 -0.009868844412267208
0.35421231389045715 0.6670961380004883 -0.009464068338274956
0.312146931886673 0.8478572368621826 -0.012180379591882229
0.37201207876205444 0.7682170867919922 -0.020607013255357742
0.40623733401298523 0.719792366027832 -0.020943228155374527
0.4292510747909546 0.6845065355300903 -0.01918346993625164
0.3368678092956543 0.8783129453659058 -0.024157192558050156
0.39056217670440674 0.8247890472412109 -0.029886377975344658
0.3844423294067383 0.8485573530197144 -0.017529159784317017
0.3707113265991211 0.8700804114341736 -0.004947009030729532
0.3574678301811218 0.92121821641922 -0.03515975549817085
0.40449202060699463 0.878289520740509 -0.03141311928629875
0.3957556486129761 0.8931756615638733 -0.014441615901887417
0.3806084096431732 0.9098950028419495 0.0006961867911741138
