0.26061874628067017 0.7965173721313477 4.593760820625903e-07
0.32061851024627686 0.8360859751701355 -0.015327422879636288
0.3833845555782318 0.8325237035751343 -0.017015159130096436
0.4270024299621582 0.7981969118118286 -0.02074618823826313
0.4332813620567322 0.7542198300361633 -0.02495444566011429
0.4288976192474365 0.7313960790634155 -0.001734341960400343
0.4939059913158417 0.7099011540412903 -0.01415381021797657
0.5329291820526123 0.6930586695671082 -0.0264118742197752
0.5657680034637451 0.673883318901062 -0.03542827069759369
0.4182627499103546 0.6903994083404541 -0.007242682855576277
0.48683834075927734 0.6497728824615479 -0.018644455820322037
0.5326306223869324 0.6263957023620605 -0.031271182000637054
0.5666617751121521 0.606225311756134 -0.0410565547645092
0.3934570252895355 0.6604932546615601 -0.015788113698363304
0.4423387050628662 0.6090024709701538 -0.03531791642308235
0.4468681514263153 0.6231722831726074 -0.045796364545822144
0.438898503780365 0.6440513730049133 -0.04914724826812744
0.35737621784210205 0.6349083781242371 -0.02616792358458042
0.39576172828674316 0.5797140598297119 -0.044421229511499405
0.4017658531665802 0.5974646806716919 -0.04822218790650368
0.3926161825656891 0.6293677687644958 -0.04789413884282112
