0.16968363523483276 0.9464288949966431 9.516926979813434e-07
0.2436065971851349 0.9673963785171509 -0.0673670545220375
0.3097582459449768 0.8953776955604553 -0.08846362680196762
0.2710745930671692 0.7792637944221497 -0.10419410467147827
0.22666649520397186 0.6864376068115234 -0.1152111142873764
0.3800637125968933 0.7158961296081543 -0.02842872217297554
0.44155576825141907 0.6034323573112488 -0.05969281122088432
0.4772661328315735 0.5249871611595154 -0.07930024713277817
0.5064826607704163 0.452888548374176 -0.09237859398126602
0.330808162689209 0.6594396233558655 -0.022941019386053085
0.37541645765304565 0.511454701423645 -0.06660401821136475
0.4075354337692261 0.4145137667655945 -0.0972975566983223
0.4341886043548584 0.3338085412979126 -0.11027765274047852
0.2721429467201233 0.6510490775108337 -0.025915319100022316
0.27838999032974243 0.5762946009635925 -0.10506754368543625
0.24229910969734192 0.6782600283622742 -0.12634077668190002
0.21334919333457947 0.7504832744598389 -0.11457738280296326
0.2127804160118103 0.6756455302238464 -0.03258504718542099
0.22111043334007263 0.6490892767906189 -0.10333322733640671
0.2037288248538971 0.7324798107147217 -0.11569388955831528
0.18790006637573242 0.795479416847229 -0.10615000873804092
