0.4448161721229553 0.43754440546035767 6.948914688109653e-07
0.41377222537994385 0.5206058025360107 -0.0382198803126812
0.40547409653663635 0.625778317451477 -0.05959942564368248
0.39368629455566406 0.7212660908699036 -0.07841166108846664
0.3687921464443207 0.7920310497283936 -0.0974169597029686
0.501727283000946 0.6973252892494202 -0.042591989040374756
0.5239876508712769 0.8115663528442383 -0.07082612067461014
0.5452439785003662 0.8776708245277405 -0.09149233251810074
0.567403256893158 0.9317286014556885 -0.1061306968331337
0.5450633764266968 0.6743303537368774 -0.04399406537413597
0.5852940082550049 0.7965957522392273 -0.06821618229150772
0.6129757165908813 0.8711799383163452 -0.08515249937772751
0.6388310194015503 0.9287692904472351 -0.09660585969686508
0.5748037099838257 0.6292603015899658 -0.04964795336127281
0.6289364099502563 0.7225256562232971 -0.0729699581861496
0.6604946851730347 0.7829029560089111 -0.087883859872818
0.6856361627578735 0.8338481187820435 -0.09753341227769852
0.5927563309669495 0.56718510389328 -0.058964572846889496
0.6481108069419861 0.6111831068992615 -0.08056887239217758
0.6835248470306396 0.6432759165763855 -0.08946015685796738
0.7143102884292603 0.6764987111091614 -0.09435934573411942
