0.45276403427124023 0.37474656105041504 8.061554694904771e-07
0.455081045627594 0.4726788103580475 -0.052538905292749405
0.48203378915786743 0.5732653141021729 -0.08041784167289734
0.5040821433067322 0.6690481901168823 -0.10421518981456757
0.507779598236084 0.7509746551513672 -0.1276431828737259
0.6288914084434509 0.5683263540267944 -0.042272474616765976
0.7012404203414917 0.6466395854949951 -0.06997360289096832
0.7486594319343567 0.6869168281555176 -0.09524944424629211
0.792381763458252 0.7191281318664551 -0.11423827707767487
0.6566591262817383 0.5145981907844543 -0.03757019713521004
0.7461878061294556 0.581809401512146 -0.06165707856416702
0.8052068948745728 0.6213027238845825 -0.08532848209142685
0.8527739644050598 0.6516992449760437 -0.10303791612386703
0.6637007594108582 0.4546119272708893 -0.03875793144106865
0.7501089572906494 0.5032555460929871 -0.061824996024370193
0.8018142580986023 0.5373346209526062 -0.08156786859035492
0.8429862260818481 0.5668483376502991 -0.09515583515167236
0.6555665731430054 0.38689950108528137 -0.04525676369667053
0.7247095108032227 0.40693533420562744 -0.0663524940609932
0.7699039578437805 0.42086923122406006 -0.07769136130809784
0.8100236058235168 0.43521201610565186 -0.08488096296787262
