0.8654878735542297 0.8329709768295288 3.7690261933676084e-07
0.8076215982437134 0.8261051774024963 -0.03600715845823288
0.7455466985702515 0.7833411693572998 -0.05112948268651962
0.6934022307395935 0.7384965419769287 -0.062437813729047775
0.6434289216995239 0.71571284532547 -0.07191123813390732
0.7195723056793213 0.6517294049263 -0.02069886587560177
0.6578500270843506 0.5913196206092834 -0.04018915072083473
0.620126485824585 0.5516027808189392 -0.057174187153577805
0.5902316570281982 0.5144450068473816 -0.07006789743900299
0.7462587952613831 0.6092391610145569 -0.01751931756734848
0.6951358914375305 0.5214920043945312 -0.03379245847463608
0.6649428606033325 0.46700483560562134 -0.048115324229002
0.6398072838783264 0.4212479591369629 -0.058505136519670486
0.7817486524581909 0.5915673971176147 -0.01990719512104988
0.7408309578895569 0.5023006200790405 -0.039570361375808716
0.7161341905593872 0.4503183960914612 -0.053458794951438904
0.6931091547012329 0.4061169922351837 -0.06274291127920151
0.8243011236190796 0.5907333493232727 -0.02580575831234455
0.8148086071014404 0.5137346982955933 -0.04369981214404106
0.8074319362640381 0.4648216664791107 -0.05330057069659233
0.797626256942749 0.4206336736679077 -0.059616539627313614
