0.8584035634994507 0.9048996567726135 7.158205335144885e-07
0.7950446605682373 0.872081458568573 -0.030220484361052513
0.7568687796592712 0.7910863757133484 -0.04416704177856445
0.7751514911651611 0.702397882938385 -0.05933130532503128
0.7965331673622131 0.6346049308776855 -0.07288069278001785
0.7096703052520752 0.6804298758506775 -0.012680137529969215
0.6586889028549194 0.5910772681236267 -0.031354110687971115
0.6287350654602051 0.5357977747917175 -0.046118125319480896
0.604729413986206 0.48807471990585327 -0.05708370730280876
0.7524914145469666 0.6504912376403809 -0.016840150579810143
0.7236965298652649 0.5262821912765503 -0.03606121242046356
0.7106235027313232 0.45283961296081543 -0.0550866462290287
0.7049831748008728 0.3926336467266083 -0.06730067729949951
0.7980424165725708 0.6562054753303528 -0.02556968294084072
0.7845128178596497 0.5785508751869202 -0.057581909000873566
0.7911345362663269 0.6275690793991089 -0.0691358670592308
0.801791250705719 0.6706050038337708 -0.06866557151079178
0.8437561392784119 0.6814666390419006 -0.03677073493599892
0.8357188701629639 0.6194795370101929 -0.06034771353006363
0.8359016180038452 0.6513947248458862 -0.060627348721027374
0.8411864042282104 0.6870900988578796 -0.056090567260980606
