-0.014462992548942566 0.7311444282531738 1.1039894616260426e-06
0.05163958668708801 0.6484413146972656 -0.002837945707142353
0.15203148126602173 0.6288036704063416 -0.024209680035710335
0.23075617849826813 0.6743201017379761 -0.04722211882472038
0.29037463665008545 0.723852813243866 -0.06925833970308304
0.17750951647758484 0.5854727029800415 -0.06829070299863815
0.31234708428382874 0.5954591631889343 -0.10132007300853729
0.39020001888275146 0.6018608808517456 -0.11608946323394775
0.4513412415981293 0.6056305170059204 -0.1237836480140686
0.16924723982810974 0.6573928594589233 -0.08557628840208054
0.3266984522342682 0.6992204189300537 -0.11626005917787552
0.4124094247817993 0.7329084873199463 -0.12303154915571213
0.4783543646335602 0.7595708966255188 -0.12817510962486267
0.157197505235672 0.7340244054794312 -0.09859830886125565
0.30204421281814575 0.7748330235481262 -0.12248551100492477
0.2663004398345947 0.7667967081069946 -0.09978774935007095
0.22239172458648682 0.7521969079971313 -0.0801820307970047
0.14344598352909088 0.810078501701355 -0.11213099211454391
0.2517649531364441 0.824799656867981 -0.12014541029930115
0.22592681646347046 0.8136236071586609 -0.09441410005092621
0.19131171703338623 0.8017950654029846 -0.07330887764692307
