0.8427173495292664 0.9005861282348633 4.3163049667782616e-07
0.77760249376297 0.8457527756690979 -0.023357175290584564
0.7260957360267639 0.7515119314193726 -0.03041279874742031
0.6951516270637512 0.673557698726654 -0.03686128556728363
0.6674101948738098 0.6132928729057312 -0.041336193680763245
0.7709868550300598 0.6175941228866577 0.0020478239748626947
0.7554258108139038 0.5177466869354248 -0.012503479607403278
0.7468926310539246 0.4594454765319824 -0.0277207400649786
0.740803599357605 0.4103260338306427 -0.03830403834581375
0.8122760057449341 0.6054559350013733 6.142973143141717e-05
0.818178117275238 0.4891588091850281 -0.007541104685515165
0.8184243440628052 0.4259556531906128 -0.016922449693083763
0.8177038431167603 0.379462331533432 -0.023716745898127556
0.849445104598999 0.6153402328491211 -0.007643300108611584
0.8661240339279175 0.5085611939430237 -0.015607943758368492
0.8676844239234924 0.45024776458740234 -0.02017189748585224
0.8655045628547668 0.40450623631477356 -0.024121733382344246
0.8824806213378906 0.6449309587478638 -0.019070569425821304
0.909843921661377 0.5718567371368408 -0.024912895634770393
0.9213238954544067 0.5249143838882446 -0.024615276604890823
0.9289304614067078 0.4847320318222046 -0.024216262623667717
