0.6957182884216309 0.5390003323554993 3.00586691537319e-07
0.6671924591064453 0.4835710823535919 -0.01537332683801651
0.6662708520889282 0.4068519175052643 -0.01690753735601902
0.6660199165344238 0.34760957956314087 -0.017836224287748337
0.6484719514846802 0.3145853281021118 -0.01758849062025547
0.7276139259338379 0.36625224351882935 0.006481972057372332
0.7519375085830688 0.3237917423248291 0.002323586493730545
0.7703386545181274 0.3067738115787506 -0.0038561271503567696
0.7849580645561218 0.29919713735580444 -0.00860121101140976
0.7554173469543457 0.3860154449939728 0.0073260413482785225
0.7859137654304504 0.34363868832588196 0.006000282242894173
0.8046567440032959 0.3258393406867981 0.001741476240567863
0.8163506388664246 0.3195497393608093 -0.0009780590189620852
0.7736613750457764 0.41538599133491516 0.004462083801627159
0.8045834302902222 0.37966272234916687 -0.0017311045667156577
0.8180358409881592 0.3657713532447815 -0.004765303805470467
0.8260053396224976 0.36086586117744446 -0.005700366105884314
0.7855466604232788 0.4526660144329071 -0.0003660019428934902
0.8156598806381226 0.43929940462112427 -0.008043762296438217
0.8337770700454712 0.43233174085617065 -0.01034626830369234
0.8494691252708435 0.4287015199661255 -0.010229897685348988
