0.39193910360336304 0.37439385056495667 5.919244472352148e-07
0.3687852621078491 0.4299047589302063 -0.03340911120176315
0.3673374056816101 0.498884916305542 -0.04817561060190201
0.3885406255722046 0.5411744117736816 -0.06280535459518433
0.42352840304374695 0.5554189682006836 -0.0766119658946991
0.446734219789505 0.572697103023529 -0.02540619485080242
0.4740045368671417 0.649787425994873 -0.04925850033760071
0.4939606189727783 0.693103015422821 -0.06518405675888062
0.5143978595733643 0.7306596040725708 -0.07447873055934906
0.48336467146873474 0.5513433814048767 -0.025332000106573105
0.5226137638092041 0.6340335011482239 -0.05166562646627426
0.5500235557556152 0.6824062466621399 -0.06858459860086441
0.5734922289848328 0.7229700088500977 -0.07664764672517776
0.5074149370193481 0.5106168389320374 -0.029058944433927536
0.5479635000228882 0.5618014931678772 -0.0657874122262001
0.5287657380104065 0.5192665457725525 -0.07276319712400436
0.5072837471961975 0.48246753215789795 -0.06618144363164902
0.5209583640098572 0.46029672026634216 -0.03527640551328659
0.5566726326942444 0.48860102891921997 -0.06416735053062439
0.5443097949028015 0.4750876724720001 -0.06549059599637985
0.5256063342094421 0.45798492431640625 -0.058400243520736694
