0.24552549421787262 0.7828638553619385 4.193642553218524e-07
0.31286394596099854 0.8030869364738464 -0.02583027258515358
0.3784751296043396 0.7736773490905762 -0.029064320027828217
0.41339918971061707 0.7098997831344604 -0.03215296193957329
0.4033936560153961 0.6601993441581726 -0.03456699475646019
0.3921184837818146 0.6637920141220093 -0.0025101620703935623
0.4404760003089905 0.6097784638404846 -0.012796257622539997
0.4684588611125946 0.5737006664276123 -0.023237312212586403
0.49217915534973145 0.5409248471260071 -0.03131651505827904
0.370109885931015 0.6278897523880005 -0.001824467908591032
0.41780561208724976 0.5539251565933228 -0.013639009557664394
0.44847267866134644 0.5072923898696899 -0.026363922283053398
0.4712495505809784 0.47115808725357056 -0.03550738841295242
0.34129077196121216 0.6083627343177795 -0.00519558135420084
0.37806713581085205 0.5417143702507019 -0.028879081830382347
0.37847980856895447 0.5600747466087341 -0.04031096026301384
0.3668549954891205 0.5904098749160767 -0.042100969702005386
0.30521032214164734 0.5953246355056763 -0.011028952896595001
0.33585432171821594 0.5367185473442078 -0.03359941393136978
0.3387608826160431 0.5544582009315491 -0.039131905883550644
0.32782596349716187 0.5892067551612854 -0.03863932937383652
