0.21034564077854156 0.8430315256118774 4.174487742147903e-07
0.21890446543693542 0.7340271472930908 0.04802848398685455
0.25820180773735046 0.6639050841331482 0.06210561841726303
0.3008105456829071 0.6225810050964355 0.06289670616388321
0.3384036421775818 0.6055735349655151 0.06363753974437714
0.29756978154182434 0.6119792461395264 0.04061829298734665
0.3701147735118866 0.5542322993278503 0.04121066629886627
0.4059348702430725 0.5140678882598877 0.0421767458319664
0.4299822449684143 0.47801122069358826 0.04279431700706482
0.3237530589103699 0.6312263607978821 0.009647216647863388
0.4193972945213318 0.5731672048568726 0.008053295314311981
0.47083780169487 0.5322904586791992 0.00802863109856844
0.5064176321029663 0.5017589330673218 0.007833622395992279
0.34281978011131287 0.6664033532142639 -0.017551252618432045
0.43045684695243835 0.641452431678772 -0.013415033929049969
0.41586631536483765 0.6769089102745056 0.00554523104801774
0.3948879837989807 0.6981608867645264 0.019892267882823944
0.3600723147392273 0.7173452973365784 -0.04256754741072655
0.4292575716972351 0.6938252449035645 -0.02721729502081871
0.4128350615501404 0.7202360033988953 -0.002920757979154587
0.39087724685668945 0.737906813621521 0.015291116200387478
