0.8488669395446777 0.8566588163375854 4.6596190372838464e-07
0.8107922077178955 0.7875474095344543 -0.03091512620449066
0.8030526041984558 0.677183985710144 -0.0386277437210083
0.8065303564071655 0.5913660526275635 -0.04343543201684952
0.7943863272666931 0.5268707871437073 -0.047063056379556656
0.8819171786308289 0.588658332824707 -0.004526582080870867
0.916504979133606 0.5130012631416321 -0.018020858988165855
0.9409205317497253 0.467686265707016 -0.033190980553627014
0.962240993976593 0.43061310052871704 -0.0452309288084507
0.9215646982192993 0.6109788417816162 -0.002372805494815111
0.9675024747848511 0.5409330725669861 -0.011560545302927494
0.9934666752815247 0.4975564479827881 -0.02443588897585869
1.0141507387161255 0.4630924463272095 -0.0350949689745903
0.9480284452438354 0.6475147604942322 -0.0061913104727864265
0.9994446635246277 0.5986822843551636 -0.019998053088784218
1.0291675329208374 0.5671446919441223 -0.03014312870800495
1.0539723634719849 0.5408437252044678 -0.03782012686133385
0.9639617204666138 0.696212649345398 -0.013704604469239712
1.0111531019210815 0.6708609461784363 -0.028488077223300934
1.0427910089492798 0.6556954979896545 -0.03496885672211647
1.0711981058120728 0.640388548374176 -0.03918750584125519
