0.8385060429573059 0.8137982487678528 4.477144557313295e-07
0.8277572393417358 0.7072694301605225 0.021230153739452362
0.7932347655296326 0.6246203184127808 0.016664963215589523
0.7339662313461304 0.589663028717041 0.0054163746535778046
0.689382791519165 0.5852794051170349 -0.006711353547871113
0.7829611301422119 0.5620288252830505 -0.01681441254913807
0.7340713143348694 0.44812554121017456 -0.04191380739212036
0.7165848016738892 0.37357762455940247 -0.057141199707984924
0.7075289487838745 0.31252044439315796 -0.06618425250053406
0.7664077281951904 0.586739718914032 -0.036526843905448914
0.6703050136566162 0.4947330951690674 -0.06226470321416855
0.6208136081695557 0.43548721075057983 -0.0768619254231453
0.5889143943786621 0.38524678349494934 -0.08754667639732361
0.7473230361938477 0.6284717321395874 -0.05144710838794708
0.6517946720123291 0.5761523246765137 -0.06680195033550262
0.6547857522964478 0.6204907894134521 -0.053822606801986694
0.6723188757896423 0.6489376425743103 -0.04163311794400215
0.7283192873001099 0.6761733889579773 -0.06520748138427734
0.6582130789756775 0.6564088463783264 -0.0724852979183197
0.6656241416931152 0.683652400970459 -0.05974955856800079
0.684314489364624 0.6973981857299805 -0.04707762226462364
