0.6494882106781006 0.5532531142234802 1.0332013999914125e-07
0.6027789115905762 0.5157589316368103 0.0043084206990897655
0.5852917432785034 0.4477749764919281 0.01291589718312025
0.5787324905395508 0.4016352891921997 0.018395377323031425
0.5617662668228149 0.377433180809021 0.023889534175395966
0.6254504919052124 0.42076826095581055 0.03716502711176872
0.6287629008293152 0.39428597688674927 0.04672938212752342
0.6339433789253235 0.3878967761993408 0.04610764607787132
0.6390097141265869 0.3830048143863678 0.043469224125146866
0.6547600626945496 0.4246024787425995 0.033273473381996155
0.6623916029930115 0.39949697256088257 0.04371405392885208
0.6710359454154968 0.389427125453949 0.038136813789606094
0.6813934445381165 0.38211119174957275 0.03143911063671112
0.6790149807929993 0.43700850009918213 0.027576811611652374
0.6910672187805176 0.4106525480747223 0.031542595475912094
0.7002455592155457 0.4005398750305176 0.026248399168252945
0.7106872797012329 0.39532995223999023 0.020801549777388573
0.7038984894752502 0.456087201833725 0.02187260240316391
0.7249842882156372 0.4309059679508209 0.02539869397878647
0.7410498857498169 0.4161928594112396 0.025699853897094727
0.7567316293716431 0.4045901894569397 0.024521704763174057
