0.2340146005153656 0.7662985324859619 3.1877445394457027e-07
0.2056233286857605 0.6870347261428833 0.0017857271013781428
0.19537453353405 0.592435359954834 -0.002734239911660552
0.18944156169891357 0.5202429294586182 -0.008906676433980465
0.1742883026599884 0.4723336398601532 -0.016642672941088676
0.2634245753288269 0.5438361167907715 -0.015415231697261333
0.2927051782608032 0.44433653354644775 -0.029320795089006424
0.31185224652290344 0.3880726099014282 -0.03705672174692154
0.328106552362442 0.34830883145332336 -0.04190392047166824
0.29602476954460144 0.5589982271194458 -0.028185565024614334
0.3381568193435669 0.4455311894416809 -0.041408855468034744
0.36557185649871826 0.3776628077030182 -0.0495421439409256
0.38784554600715637 0.3296378254890442 -0.05526544898748398
0.3273627460002899 0.5890430808067322 -0.04096759855747223
0.3778209686279297 0.4838075041770935 -0.057302046567201614
0.4078638553619385 0.4206068515777588 -0.06880169361829758
0.43170520663261414 0.37289056181907654 -0.07657132297754288
0.35626405477523804 0.6307770609855652 -0.05263398587703705
0.4088532030582428 0.5660561919212341 -0.06952564418315887
0.4440372884273529 0.5273466110229492 -0.07729916274547577
0.47479480504989624 0.4935629963874817 -0.08183896541595459
