0.8758045434951782 0.8550418615341187 4.819274863621104e-07
0.825442373752594 0.8634539842605591 -0.06555264443159103
0.7895915508270264 0.8265478014945984 -0.10813771188259125
0.7704489231109619 0.7695187926292419 -0.13770294189453125
0.7391396164894104 0.7230542302131653 -0.16765259206295013
0.8549873232841492 0.7576921582221985 -0.11841778457164764
0.8578401803970337 0.6944923400878906 -0.16138947010040283
0.856015145778656 0.6464336514472961 -0.1884366124868393
0.8596089482307434 0.5982891321182251 -0.20756396651268005
0.9004156589508057 0.7317667603492737 -0.10262998938560486
0.9243407845497131 0.6505252122879028 -0.1469763070344925
0.9329600930213928 0.5888626575469971 -0.17414702475070953
0.9442386031150818 0.5311493873596191 -0.19519783556461334
0.9322951436042786 0.7216395735740662 -0.08737967163324356
0.9676691293716431 0.6481878757476807 -0.12489110976457596
0.9862922430038452 0.5860626101493835 -0.14813806116580963
1.0027786493301392 0.5323177576065063 -0.16478580236434937
0.9518285989761353 0.7239943146705627 -0.07520632445812225
0.9909876585006714 0.6711761355400085 -0.10407155007123947
1.0152677297592163 0.6317668557167053 -0.12086466699838638
1.0350109338760376 0.5928655862808228 -0.13384085893630981
