0.5452698469161987 0.701149582862854 5.005977072869428e-07
0.4895196259021759 0.706844687461853 -0.04370954632759094
0.4439866244792938 0.6619808673858643 -0.06586302816867828
0.41346606612205505 0.6062638163566589 -0.08187898993492126
0.3756285011768341 0.5679271817207336 -0.09897718578577042
0.4784889817237854 0.5790587663650513 -0.06396189332008362
0.4680129289627075 0.5047436356544495 -0.09179823845624924
0.46654582023620605 0.45673424005508423 -0.10947070270776749
0.46828868985176086 0.4083747863769531 -0.12297303229570389
0.5213183760643005 0.5566179752349854 -0.06036620959639549
0.5260007381439209 0.4733559489250183 -0.08480769395828247
0.5291664004325867 0.420184850692749 -0.10161063820123672
0.534437894821167 0.3681400418281555 -0.11571938544511795
0.5571101903915405 0.5587823987007141 -0.060007065534591675
0.5781652927398682 0.4826658368110657 -0.09192071855068207
0.593426525592804 0.43207529187202454 -0.11184552311897278
0.6063171625137329 0.3807983994483948 -0.12616953253746033
0.5869017839431763 0.5794411897659302 -0.06199312210083008
0.624607264995575 0.5362951755523682 -0.09790609776973724
0.6541823744773865 0.5119430422782898 -0.115443654358387
0.6785154938697815 0.485422819852829 -0.12670226395130157
