0.2706245183944702 0.7752243876457214 7.281099101419386e-07
0.3094233572483063 0.6935750842094421 0.030819613486528397
0.366286963224411 0.6513780355453491 0.032203201204538345
0.4228282570838928 0.6553712487220764 0.02253752201795578
0.4674091637134552 0.6767273545265198 0.013584457337856293
0.38700222969055176 0.5798433423042297 0.01557435467839241
0.47211527824401855 0.5472880601882935 0.004699543584138155
0.5181283950805664 0.5245406031608582 -0.0014689263189211488
0.5518844723701477 0.49970951676368713 -0.005708846263587475
0.4011869430541992 0.6000325679779053 -0.01139140222221613
0.5105172395706177 0.580059826374054 -0.026715315878391266
0.5720510482788086 0.5653727054595947 -0.03467339277267456
0.616473376750946 0.5507441759109497 -0.039194412529468536
0.4075635075569153 0.6346235871315002 -0.03517311066389084
0.5059223771095276 0.6472652554512024 -0.045532695949077606
0.48214370012283325 0.6922032237052917 -0.02981441095471382
0.45592939853668213 0.7120926976203918 -0.014855314046144485
0.4136331081390381 0.687457799911499 -0.05768804997205734
0.4848628044128418 0.7051355242729187 -0.054794132709503174
0.45957571268081665 0.7365670800209045 -0.03410619497299194
0.43198853731155396 0.749965488910675 -0.01665213704109192
