0.27844512462615967 0.7702196836471558 2.713288154154725e-07
0.3409574627876282 0.7538522481918335 -0.00451624346897006
0.3745012879371643 0.7070708870887756 0.001174773438833654
0.3873799443244934 0.6650108098983765 0.004642020910978317
0.3933791518211365 0.6358635425567627 0.00838492438197136
0.32856082916259766 0.6279821395874023 0.0232807919383049
0.3384392261505127 0.5799148678779602 0.025985069572925568
0.3447172939777374 0.54599928855896 0.024564022198319435
0.3478184938430786 0.5232521295547485 0.02345694974064827
0.29349058866500854 0.6100947856903076 0.01994309574365616
0.30075451731681824 0.5417780876159668 0.02623073384165764
0.3051442801952362 0.5038378238677979 0.026323849335312843
0.3103224039077759 0.4721679091453552 0.025758160278201103
0.26207631826400757 0.6046268939971924 0.01297041866928339
0.26045382022857666 0.5399439334869385 0.01433495618402958
0.2635772228240967 0.5010480284690857 0.008866493590176105
0.26854225993156433 0.472636878490448 0.004152823239564896
0.23073336482048035 0.6132955551147461 0.004539898131042719
0.2089715600013733 0.5661207437515259 0.002829537959769368
0.20000460743904114 0.5313073992729187 9.151975973509252e-05
0.19611504673957825 0.503763735294342 -0.002265224466100335
