0.3463100790977478 0.4344866871833801 5.258340252112248e-07
0.3271346092224121 0.48598212003707886 -0.03499399498105049
0.3320752680301666 0.5515937209129333 -0.04948015883564949
0.35655322670936584 0.5929625034332275 -0.06247780844569206
0.38834118843078613 0.6030951142311096 -0.07468914985656738
0.4086708128452301 0.6013883352279663 -0.031199323013424873
0.4366004168987274 0.6732122898101807 -0.0534643679857254
0.4574550688266754 0.7126674652099609 -0.06905008107423782
0.4783089756965637 0.7477052807807922 -0.07892187684774399
0.44272205233573914 0.5766147971153259 -0.028963346034288406
0.48972922563552856 0.6466183662414551 -0.05247952789068222
0.5226106643676758 0.6870280504226685 -0.06964258849620819
0.5499879121780396 0.7229936122894287 -0.08004198223352432
0.46311715245246887 0.537326991558075 -0.029960544779896736
0.5035320520401001 0.5843524932861328 -0.06339879333972931
0.48768532276153564 0.5511665940284729 -0.07298589497804642
0.4669349491596222 0.5189149975776672 -0.07069862633943558
0.4729337692260742 0.4907815456390381 -0.03351792320609093
0.512063205242157 0.518585205078125 -0.06057944893836975
0.502991259098053 0.5083774924278259 -0.0641421377658844
0.4841378331184387 0.49198517203330994 -0.060493674129247665
