0.4456785321235657 0.41240137815475464 8.522300731783616e-07
0.4325597286224365 0.5095757246017456 -0.044194743037223816
0.4525824189186096 0.6224722266197205 -0.06501509994268417
0.4577849209308624 0.731824517250061 -0.08285129070281982
0.44522905349731445 0.8116948008537292 -0.10006988048553467
0.5848686695098877 0.6579530239105225 -0.034883465617895126
0.6373501420021057 0.7676095366477966 -0.060431644320487976
0.6758847236633301 0.8280014395713806 -0.08235067874193192
0.712050199508667 0.8765220642089844 -0.09880762547254562
0.6211600303649902 0.6183403134346008 -0.032439690083265305
0.6870202422142029 0.7280610203742981 -0.05315197631716728
0.7310121059417725 0.7948472499847412 -0.0710243284702301
0.7671977281570435 0.8472802042961121 -0.08407117426395416
0.6382027268409729 0.5625790953636169 -0.035650722682476044
0.7121515870094299 0.6440788507461548 -0.056510139256715775
0.7525522708892822 0.6977517008781433 -0.07248876243829727
0.7839871644973755 0.7435219883918762 -0.08315528184175491
0.6397696733474731 0.4938659965991974 -0.043673738837242126
0.7015208005905151 0.5261231660842896 -0.06383335590362549
0.7417831420898438 0.5479559898376465 -0.07333587855100632
0.7773659229278564 0.5696092247962952 -0.07880936563014984
