0.7149956226348877 0.8895864486694336 1.091221292881528e-06
0.652580201625824 0.8377513885498047 -0.028138410300016403
0.6047361493110657 0.7613990306854248 -0.05484811216592789
0.5974099636077881 0.7140557765960693 -0.0843888372182846
0.6376534700393677 0.7134443521499634 -0.11147540807723999
0.6656633615493774 0.5961548089981079 -0.03744379058480263
0.6780667304992676 0.4818582534790039 -0.067369744181633
0.6972031593322754 0.42065107822418213 -0.08682692050933838
0.7222270965576172 0.36926621198654175 -0.10125495493412018
0.720192551612854 0.6168743371963501 -0.04888780787587166
0.748947024345398 0.5175561904907227 -0.08706725388765335
0.787837564945221 0.45828843116760254 -0.10818219929933548
0.8240363597869873 0.4070570170879364 -0.11929602921009064
0.7619596719741821 0.6643452048301697 -0.06304225325584412
0.7295473217964172 0.62908536195755 -0.10920169204473495
0.6802825331687927 0.6933934092521667 -0.11355403810739517
0.6481025218963623 0.7446743249893188 -0.105264812707901
0.7840967774391174 0.7274376153945923 -0.07973664999008179
0.7424356341362 0.7138229012489319 -0.1119878813624382
0.6989534497261047 0.7556841373443604 -0.11031010001897812
0.6677992343902588 0.7909916043281555 -0.10243859887123108
