0.18898701667785645 0.7052267789840698 5.819313741994847e-07
0.18903112411499023 0.6153113842010498 -0.010329223237931728
0.20817506313323975 0.5254408717155457 -0.023983260616660118
0.22223129868507385 0.4520115256309509 -0.03725079074501991
0.22281700372695923 0.3978373408317566 -0.05152509734034538
0.2886306047439575 0.5284601449966431 -0.0344071090221405
0.35804837942123413 0.46297335624694824 -0.05501743406057358
0.4041045308113098 0.425566703081131 -0.06644769757986069
0.4396946132183075 0.4005945324897766 -0.07325064390897751
0.31444767117500305 0.5670804381370544 -0.043189652264118195
0.4036181569099426 0.5150024890899658 -0.0612332709133625
0.461256742477417 0.48461827635765076 -0.07114026695489883
0.5045523047447205 0.46627455949783325 -0.07820138335227966
0.3321819603443146 0.6121703386306763 -0.05258536711335182
0.4175615906715393 0.5682847499847412 -0.07255604863166809
0.4708377420902252 0.5378155708312988 -0.08621742576360703
0.5116555094718933 0.5168040990829468 -0.09541883319616318
0.34292975068092346 0.6611077189445496 -0.06186585873365402
0.4135267734527588 0.6528422236442566 -0.08132527023553848
0.4600359797477722 0.6504227519035339 -0.09099332243204117
0.499711275100708 0.6491120457649231 -0.09676437079906464
