0.31157606840133667 0.4826728403568268 5.795068886982335e-07
0.3464188277721405 0.5386103987693787 -0.03271574527025223
0.3995761275291443 0.5656468272209167 -0.04321065545082092
0.43075793981552124 0.5322154760360718 -0.05216401070356369
0.4311804175376892 0.4780385196208954 -0.060006678104400635
0.4668118357658386 0.4935767650604248 -0.020514406263828278
0.5323525667190552 0.49542781710624695 -0.038547907024621964
0.5710374116897583 0.48834168910980225 -0.051496513187885284
0.6049177646636963 0.47923681139945984 -0.05987926945090294
0.4656336307525635 0.43550220131874084 -0.01851523667573929
0.5348595976829529 0.39913052320480347 -0.03905992582440376
0.5796976089477539 0.3738623857498169 -0.05504148453474045
0.6151498556137085 0.35618358850479126 -0.06423225998878479
0.4471237361431122 0.3936315178871155 -0.02001805230975151
0.49703219532966614 0.3663712739944458 -0.05115669593214989
0.468047171831131 0.3743080198764801 -0.06014174595475197
0.4356338083744049 0.3851451873779297 -0.05673980712890625
0.4183811545372009 0.36431100964546204 -0.024027546867728233
0.4535779654979706 0.33863890171051025 -0.048686493188142776
0.4482862055301666 0.3416880965232849 -0.05176110193133354
0.4341099262237549 0.3477262258529663 -0.047777384519577026
