0.6012294292449951 0.5819489359855652 -5.91797588711529e-09
0.5502211451530457 0.5545654892921448 -0.0027758637443184853
0.5237371921539307 0.49774235486984253 -1.659012741583865e-05
0.5111756324768066 0.45177608728408813 0.0004432564601302147
0.4916701912879944 0.43166378140449524 0.001458867103792727
0.559246301651001 0.47257548570632935 0.01924293301999569
0.5596731901168823 0.44584527611732483 0.018038788810372353
0.5639374256134033 0.4485017657279968 0.01199105940759182
0.5693971514701843 0.45227184891700745 0.00700040627270937
0.5881484746932983 0.47037747502326965 0.01685153692960739
0.5962997674942017 0.4441233277320862 0.016178740188479424
0.6015313267707825 0.4410834312438965 0.008014175109565258
0.6095294952392578 0.44274917244911194 0.0009107579244300723
0.614334762096405 0.4752965271472931 0.012449575588107109
0.6263688206672668 0.44437405467033386 0.008189516142010689
0.6309804320335388 0.44267725944519043 0.003212213749065995
0.637769341468811 0.44898226857185364 -0.00042735040187835693
0.6389290690422058 0.4881494641304016 0.007572487462311983
0.6582450866699219 0.4582860767841339 0.005071107763797045
0.670978307723999 0.44033747911453247 0.0033982680179178715
0.6842964887619019 0.42769739031791687 0.0017802959773689508
