0.829798698425293 0.9327824115753174 8.319661901623476e-07
0.7557377219200134 0.9166973233222961 -0.025511780753731728
0.6947139501571655 0.841039776802063 -0.03996335715055466
0.7004208564758301 0.7559986114501953 -0.05974453315138817
0.7343983054161072 0.691918134689331 -0.07784506678581238
0.6511179804801941 0.6829415559768677 -0.0027599134482443333
0.5957300662994385 0.5918129682540894 -0.024176832288503647
0.5681608319282532 0.5315045714378357 -0.040537167340517044
0.5482944250106812 0.47555577754974365 -0.05361859127879143
0.6984959840774536 0.6504241824150085 -0.014677037484943867
0.6665557622909546 0.5240501761436462 -0.042289700359106064
0.6518415212631226 0.44589003920555115 -0.06438598781824112
0.6457676887512207 0.37861964106559753 -0.07765086740255356
0.7512068748474121 0.6553913354873657 -0.03174964711070061
0.7253434658050537 0.5762065649032593 -0.07598596066236496
0.7331212162971497 0.6624765396118164 -0.0828285738825798
0.7470711469650269 0.7290517091751099 -0.07522715628147125
0.8057008981704712 0.6828473210334778 -0.05128519982099533
0.7860897183418274 0.63081294298172 -0.08711787313222885
0.7831994295120239 0.6936718225479126 -0.0870572105050087
0.7885814905166626 0.7517544031143188 -0.07922299206256866
