0.09979593753814697 0.5431462526321411 1.0621382671160973e-06
0.19689446687698364 0.5174288749694824 0.0024865877348929644
0.2979375123977661 0.5655801892280579 -0.015120708383619785
0.35871201753616333 0.6453562378883362 -0.034680403769016266
0.39500224590301514 0.7163126468658447 -0.052377622574567795
0.3407946527004242 0.5711888670921326 -0.06375636160373688
0.45255085825920105 0.6737935543060303 -0.09582629799842834
0.519692599773407 0.7272528409957886 -0.11221660673618317
0.5711306929588318 0.7687713503837585 -0.12231384217739105
0.2962557375431061 0.6146456003189087 -0.08181428164243698
0.39813506603240967 0.7764805555343628 -0.1111375167965889
0.45352500677108765 0.8606427311897278 -0.11753064393997192
0.4963603615760803 0.9262617230415344 -0.12441357970237732
0.248619943857193 0.6607755422592163 -0.09539084881544113
0.33561933040618896 0.8306177854537964 -0.11670499294996262
0.31663864850997925 0.7947733998298645 -0.09531836211681366
0.29206913709640503 0.7430896759033203 -0.07895642518997192
0.2039111852645874 0.7079964876174927 -0.10931743681430817
0.2701262831687927 0.8346603512763977 -0.11865030229091644
0.2589578926563263 0.808403491973877 -0.09757037460803986
0.24305900931358337 0.7668843269348145 -0.08029307425022125
