0.4269437789916992 0.40688955783843994 6.954511491130688e-07
0.46680113673210144 0.5091553926467896 -0.04086115583777428
0.5363832712173462 0.5935337543487549 -0.05589939281344414
0.5990256071090698 0.6653811931610107 -0.06848414242267609
0.6398476362228394 0.7296311855316162 -0.07958386838436127
0.6606086492538452 0.5081131458282471 -0.014407334849238396
0.7483202219009399 0.5426464080810547 -0.03356623649597168
0.8035262823104858 0.5580729246139526 -0.054464954882860184
0.8518391251564026 0.5683332681655884 -0.07035800069570541
0.6704174876213074 0.44239360094070435 -0.012221728451550007
0.7705532312393188 0.45538821816444397 -0.02740863896906376
0.8365873694419861 0.4599021077156067 -0.04651610180735588
0.8887332677841187 0.46056225895881653 -0.06120770052075386
0.6595379710197449 0.3805218040943146 -0.016478590667247772
0.7522908449172974 0.38702866435050964 -0.034255605190992355
0.8085213899612427 0.39506715536117554 -0.050377119332551956
0.8535743951797485 0.4009348750114441 -0.061438921838998795
0.6320327520370483 0.3180809020996094 -0.02549581229686737
0.6986976861953735 0.30516159534454346 -0.043105799704790115
0.7435941100120544 0.2964438199996948 -0.05150367692112923
0.7843601107597351 0.28898921608924866 -0.056419942528009415
