0.7057294845581055 0.8318709135055542 9.014697184284159e-07
0.6561731696128845 0.7853506207466125 -0.05284353345632553
0.6527131199836731 0.6945024728775024 -0.0727577954530716
0.7142869234085083 0.6190497279167175 -0.08916298300027847
0.7617895603179932 0.5692212581634521 -0.10202321410179138
0.6255940794944763 0.5341935157775879 -0.03282841667532921
0.5952261686325073 0.40528106689453125 -0.05579632520675659
0.5785265564918518 0.32869160175323486 -0.07110658288002014
0.5662550330162048 0.26172903180122375 -0.08268848061561584
0.6831246614456177 0.5186716914176941 -0.027523132041096687
0.6950636506080627 0.37727034091949463 -0.05349556356668472
0.7092495560646057 0.29382947087287903 -0.07558953016996384
0.7212608456611633 0.2228723168373108 -0.08923150599002838
0.7248090505599976 0.5477079153060913 -0.02894241362810135
0.7497249841690063 0.4667800962924957 -0.07663920521736145
0.7584952116012573 0.5371161103248596 -0.0948905199766159
0.7618185877799988 0.5939282774925232 -0.09433647990226746
0.7563076615333557 0.5985198616981506 -0.03392200917005539
0.7785943746566772 0.5500184893608093 -0.07679936289787292
0.7727837562561035 0.5977004170417786 -0.08776652067899704
0.76236492395401 0.6457880735397339 -0.08701299130916595
